   38.6750	 1.012E+01	 3.385E-03	-1.425E-01	 4.541E+00	-4.241E-03	 0.000E+00	 5.730E-02	 2.618E+02	 1.162E+01	 1.127E+03	 3.165E-01	-3.195E-02	 0.000E+00	-5.552E+02	 2.186E+03	 2.308E+02	 1.441E+02	 5.754E+02	-2.604E+03	 8.287E+03	 4.969E+01	 2.947E+03	 3.329E+02	-1.957E+03	 5.870E+02	 2.560E+00	-3.474E+03	 2.935E+03	 3.541E+02	-3.309E+02	 5.992E+02	 2.075E+00	-6.885E+03	 2.779E+03	 5.293E+04	-3.281E+02	 3.354E+03	 3.010E+01
   46.6250	 1.040E+01	 4.689E-01	-2.965E-02	 4.513E+00	-5.999E-01	 0.000E+00	 2.190E-01	 1.626E+02	 1.168E+01	 1.133E+03	 3.207E-01	-3.294E-02	 0.000E+00	 8.975E+01	 2.191E+03	 2.371E+02	-8.006E+01	 7.191E+02	 1.951E+03	 8.264E+03	-1.757E+01	 2.967E+03	 1.908E+03	 4.460E+02	 5.937E+02	 1.137E-02	-3.480E+03	 2.979E+03	 3.804E+02	-1.098E+02	 6.082E+02	 2.881E+00	-6.891E+03	 2.860E+03	 5.365E+04	-1.069E+02	 3.443E+03	 3.075E+01
   46.7375	 9.895E+00	-2.344E-01	-5.942E-02	 4.484E+00	-3.280E-01	 0.000E+00	 5.730E-02	 3.405E+02	 1.090E+01	 1.058E+03	 3.258E-01	-3.562E-02	 0.000E+00	-1.780E+02	 2.176E+03	 2.170E+02	 2.508E+01	 3.281E+02	-1.061E+02	 7.960E+03	 1.810E+01	 2.607E+03	-1.526E+03	-6.060E+02	 5.945E+02	-1.052E+01	-3.464E+03	 2.620E+03	 7.363E+02	-2.749E+02	 6.071E+02	-1.101E+01	-6.875E+03	 3.619E+03	 5.420E+04	-2.721E+02	 2.813E+03	 2.691E+01
   40.9500	 9.912E+00	-2.558E-01	-3.988E-02	 4.671E+00	-7.495E-01	 0.000E+00	 5.730E-02	 3.701E+01	 1.140E+01	 1.106E+03	 3.056E-01	-3.585E-02	 0.000E+00	 2.583E+02	 2.282E+03	 2.215E+02	-1.339E+02	 3.991E+02	 3.095E+03	 8.140E+03	-3.292E+01	 2.780E+03	-1.611E+03	 1.056E+03	 5.699E+02	-7.055E+00	-3.478E+03	 2.782E+03	 3.717E+02	-3.824E+02	 5.712E+02	-8.304E+00	-6.889E+03	 3.540E+03	 5.089E+04	-3.797E+02	 3.188E+03	 2.915E+01
   40.9563	 9.912E+00	-2.573E-01	-4.018E-02	 4.669E+00	-7.529E-01	 0.000E+00	 5.730E-02	 3.744E+01	 1.140E+01	 1.106E+03	 3.056E-01	-3.580E-02	 0.000E+00	 2.625E+02	 2.281E+03	 2.216E+02	-1.350E+02	 3.999E+02	 3.120E+03	 8.142E+03	-3.337E+01	 2.781E+03	-1.596E+03	 1.063E+03	 5.697E+02	-7.029E+00	-3.478E+03	 2.783E+03	 3.808E+02	-3.818E+02	 5.711E+02	-8.087E+00	-6.889E+03	 3.529E+03	 5.089E+04	-3.791E+02	 3.188E+03	 2.915E+01
   46.7563	 9.891E+00	-2.346E-01	-6.269E-02	 4.489E+00	-3.385E-01	 0.000E+00	 5.730E-02	 3.417E+02	 1.090E+01	 1.058E+03	 3.262E-01	-3.529E-02	 0.000E+00	-1.664E+02	 2.179E+03	 2.170E+02	 2.152E+01	 3.269E+02	-3.059E+01	 7.960E+03	 1.696E+01	 2.609E+03	-1.537E+03	-5.920E+02	 5.956E+02	-1.013E+01	-3.464E+03	 2.619E+03	 7.360E+02	-2.912E+02	 6.073E+02	-1.022E+01	-6.875E+03	 3.560E+03	 5.426E+04	-2.884E+02	 2.813E+03	 2.691E+01
   40.9688	 9.914E+00	-2.603E-01	-4.079E-02	 4.667E+00	-7.597E-01	 0.000E+00	 5.730E-02	 3.829E+01	 1.140E+01	 1.106E+03	 3.055E-01	-3.570E-02	 0.000E+00	 2.709E+02	 2.280E+03	 2.219E+02	-1.373E+02	 4.015E+02	 3.171E+03	 8.147E+03	-3.429E+01	 2.784E+03	-1.565E+03	 1.076E+03	 5.692E+02	-6.951E+00	-3.477E+03	 2.785E+03	 3.995E+02	-3.789E+02	 5.708E+02	-7.651E+00	-6.888E+03	 3.504E+03	 5.087E+04	-3.763E+02	 3.187E+03	 2.915E+01
   40.9750	 9.915E+00	-2.618E-01	-4.109E-02	 4.666E+00	-7.631E-01	 0.000E+00	 5.730E-02	 3.872E+01	 1.140E+01	 1.106E+03	 3.055E-01	-3.565E-02	 0.000E+00	 2.751E+02	 2.280E+03	 2.221E+02	-1.384E+02	 4.022E+02	 3.196E+03	 8.149E+03	-3.476E+01	 2.785E+03	-1.548E+03	 1.083E+03	 5.690E+02	-6.898E+00	-3.477E+03	 2.786E+03	 4.091E+02	-3.767E+02	 5.706E+02	-7.434E+00	-6.888E+03	 3.492E+03	 5.087E+04	-3.740E+02	 3.187E+03	 2.915E+01
   40.9813	 9.915E+00	-2.633E-01	-4.139E-02	 4.665E+00	-7.665E-01	 0.000E+00	 5.730E-02	 3.915E+01	 1.140E+01	 1.106E+03	 3.055E-01	-3.559E-02	 0.000E+00	 2.794E+02	 2.280E+03	 2.222E+02	-1.395E+02	 4.031E+02	 3.221E+03	 8.152E+03	-3.522E+01	 2.787E+03	-1.531E+03	 1.090E+03	 5.688E+02	-6.834E+00	-3.477E+03	 2.788E+03	 4.189E+02	-3.737E+02	 5.705E+02	-7.218E+00	-6.888E+03	 3.479E+03	 5.086E+04	-3.711E+02	 3.187E+03	 2.915E+01
   40.9875	 9.916E+00	-2.648E-01	-4.169E-02	 4.664E+00	-7.700E-01	 0.000E+00	 5.730E-02	 3.957E+01	 1.140E+01	 1.106E+03	 3.055E-01	-3.554E-02	 0.000E+00	 2.836E+02	 2.279E+03	 2.224E+02	-1.406E+02	 4.039E+02	 3.247E+03	 8.155E+03	-3.570E+01	 2.789E+03	-1.514E+03	 1.097E+03	 5.686E+02	-6.762E+00	-3.477E+03	 2.790E+03	 4.289E+02	-3.704E+02	 5.703E+02	-7.003E+00	-6.887E+03	 3.467E+03	 5.085E+04	-3.677E+02	 3.187E+03	 2.915E+01
   40.9938	 9.917E+00	-2.662E-01	-4.199E-02	 4.663E+00	-7.734E-01	 0.000E+00	 5.730E-02	 4.000E+01	 1.140E+01	 1.106E+03	 3.055E-01	-3.548E-02	 0.000E+00	 2.879E+02	 2.279E+03	 2.226E+02	-1.418E+02	 4.047E+02	 3.272E+03	 8.158E+03	-3.617E+01	 2.791E+03	-1.496E+03	 1.105E+03	 5.683E+02	-6.680E+00	-3.476E+03	 2.792E+03	 4.390E+02	-3.665E+02	 5.701E+02	-6.789E+00	-6.887E+03	 3.454E+03	 5.085E+04	-3.638E+02	 3.187E+03	 2.915E+01
   41.0000	 9.918E+00	-2.677E-01	-4.230E-02	 4.662E+00	-7.769E-01	 0.000E+00	 5.730E-02	 4.043E+01	 1.140E+01	 1.106E+03	 3.055E-01	-3.542E-02	 0.000E+00	 2.921E+02	 2.279E+03	 2.227E+02	-1.429E+02	 4.055E+02	 3.297E+03	 8.161E+03	-3.665E+01	 2.793E+03	-1.478E+03	 1.112E+03	 5.681E+02	-6.591E+00	-3.476E+03	 2.795E+03	 4.492E+02	-3.621E+02	 5.700E+02	-6.577E+00	-6.887E+03	 3.441E+03	 5.084E+04	-3.595E+02	 3.187E+03	 2.915E+01
