    1.8125	 1.031E+01	-3.351E-01	-5.430E-02	 3.255E+00	-1.878E-01	 0.000E+00	 6.304E-01	 3.054E+02	 8.218E+00	 7.930E+02	 4.115E-01	 8.293E-02	 0.000E+00	-1.498E+02	 1.585E+03	 1.751E+02	 9.309E+01	 1.881E+02	-1.106E+03	 6.135E+03	 2.564E+01	 1.121E+03	-1.902E+03	-2.018E+03	 7.268E+02	 1.654E+02	-3.452E+03	 1.213E+03	 2.214E+02	 5.846E+02	 8.132E+02	 1.745E+02	-6.866E+03	-1.435E+04	 6.982E+04	 5.832E+02	 1.163E+03	 1.483E+01
    1.8188	 1.031E+01	-3.324E-01	-5.206E-02	 3.267E+00	-1.957E-01	 0.000E+00	 6.276E-01	 3.057E+02	 8.218E+00	 7.927E+02	 4.107E-01	 8.285E-02	 0.000E+00	-1.395E+02	 1.591E+03	 1.748E+02	 9.191E+01	 1.871E+02	-1.065E+03	 6.134E+03	 2.494E+01	 1.149E+03	-1.910E+03	-1.970E+03	 7.243E+02	 1.656E+02	-3.453E+03	 1.234E+03	 2.516E+02	 6.040E+02	 8.120E+02	 1.749E+02	-6.866E+03	-1.436E+04	 6.969E+04	 6.026E+02	 1.163E+03	 1.484E+01
    1.8250	 1.030E+01	-3.296E-01	-4.981E-02	 3.278E+00	-2.034E-01	 0.000E+00	 6.261E-01	 3.060E+02	 8.219E+00	 7.924E+02	 4.099E-01	 8.275E-02	 0.000E+00	-1.297E+02	 1.597E+03	 1.745E+02	 9.079E+01	 1.860E+02	-1.027E+03	 6.133E+03	 2.434E+01	 1.179E+03	-1.918E+03	-1.922E+03	 7.219E+02	 1.657E+02	-3.454E+03	 1.257E+03	 2.827E+02	 6.235E+02	 8.106E+02	 1.754E+02	-6.867E+03	-1.437E+04	 6.955E+04	 6.221E+02	 1.163E+03	 1.485E+01
    1.8313	 1.030E+01	-3.269E-01	-4.756E-02	 3.289E+00	-2.106E-01	 0.000E+00	 6.233E-01	 3.063E+02	 8.220E+00	 7.921E+02	 4.090E-01	 8.264E-02	 0.000E+00	-1.205E+02	 1.603E+03	 1.742E+02	 8.970E+01	 1.850E+02	-9.897E+02	 6.131E+03	 2.370E+01	 1.211E+03	-1.925E+03	-1.872E+03	 7.194E+02	 1.657E+02	-3.454E+03	 1.282E+03	 3.148E+02	 6.424E+02	 8.090E+02	 1.760E+02	-6.868E+03	-1.438E+04	 6.941E+04	 6.411E+02	 1.163E+03	 1.485E+01
    1.8375	 1.030E+01	-3.241E-01	-4.531E-02	 3.300E+00	-2.174E-01	 0.000E+00	 6.209E-01	 3.066E+02	 8.221E+00	 7.918E+02	 4.082E-01	 8.251E-02	 0.000E+00	-1.120E+02	 1.609E+03	 1.738E+02	 8.867E+01	 1.840E+02	-9.549E+02	 6.130E+03	 2.313E+01	 1.245E+03	-1.932E+03	-1.823E+03	 7.169E+02	 1.658E+02	-3.455E+03	 1.308E+03	 3.477E+02	 6.609E+02	 8.073E+02	 1.766E+02	-6.869E+03	-1.439E+04	 6.925E+04	 6.596E+02	 1.163E+03	 1.486E+01
    1.8438	 1.030E+01	-3.214E-01	-4.307E-02	 3.311E+00	-2.238E-01	 0.000E+00	 6.185E-01	 3.069E+02	 8.222E+00	 7.916E+02	 4.073E-01	 8.237E-02	 0.000E+00	-1.041E+02	 1.615E+03	 1.735E+02	 8.768E+01	 1.829E+02	-9.224E+02	 6.129E+03	 2.259E+01	 1.281E+03	-1.939E+03	-1.773E+03	 7.145E+02	 1.658E+02	-3.456E+03	 1.336E+03	 3.813E+02	 6.789E+02	 8.053E+02	 1.774E+02	-6.869E+03	-1.440E+04	 6.908E+04	 6.776E+02	 1.163E+03	 1.486E+01
    1.8500	 1.030E+01	-3.186E-01	-4.082E-02	 3.322E+00	-2.298E-01	 0.000E+00	 6.162E-01	 3.073E+02	 8.223E+00	 7.915E+02	 4.063E-01	 8.221E-02	 0.000E+00	-9.680E+01	 1.621E+03	 1.732E+02	 8.675E+01	 1.819E+02	-8.921E+02	 6.129E+03	 2.211E+01	 1.318E+03	-1.945E+03	-1.722E+03	 7.120E+02	 1.657E+02	-3.457E+03	 1.366E+03	 4.159E+02	 6.966E+02	 8.031E+02	 1.783E+02	-6.870E+03	-1.441E+04	 6.891E+04	 6.953E+02	 1.163E+03	 1.487E+01
    1.8563	 1.030E+01	-3.158E-01	-3.857E-02	 3.333E+00	-2.354E-01	 0.000E+00	 6.138E-01	 3.076E+02	 8.224E+00	 7.913E+02	 4.054E-01	 8.204E-02	 0.000E+00	-9.015E+01	 1.626E+03	 1.729E+02	 8.587E+01	 1.808E+02	-8.643E+02	 6.129E+03	 2.167E+01	 1.356E+03	-1.951E+03	-1.671E+03	 7.096E+02	 1.656E+02	-3.458E+03	 1.396E+03	 4.508E+02	 7.134E+02	 8.006E+02	 1.793E+02	-6.871E+03	-1.443E+04	 6.873E+04	 7.121E+02	 1.164E+03	 1.488E+01
    1.8625	 1.030E+01	-3.131E-01	-3.633E-02	 3.344E+00	-2.405E-01	 0.000E+00	 6.114E-01	 3.079E+02	 8.225E+00	 7.913E+02	 4.044E-01	 8.185E-02	 0.000E+00	-8.414E+01	 1.632E+03	 1.727E+02	 8.505E+01	 1.797E+02	-8.388E+02	 6.129E+03	 2.128E+01	 1.395E+03	-1.956E+03	-1.621E+03	 7.073E+02	 1.655E+02	-3.458E+03	 1.427E+03	 4.859E+02	 7.291E+02	 7.980E+02	 1.804E+02	-6.872E+03	-1.444E+04	 6.853E+04	 7.279E+02	 1.164E+03	 1.488E+01
    1.8688	 1.030E+01	-3.103E-01	-3.408E-02	 3.355E+00	-2.452E-01	 0.000E+00	 6.090E-01	 3.082E+02	 8.226E+00	 7.912E+02	 4.033E-01	 8.165E-02	 0.000E+00	-7.874E+01	 1.637E+03	 1.724E+02	 8.431E+01	 1.786E+02	-8.160E+02	 6.129E+03	 2.091E+01	 1.434E+03	-1.960E+03	-1.571E+03	 7.050E+02	 1.653E+02	-3.459E+03	 1.460E+03	 5.214E+02	 7.445E+02	 7.951E+02	 1.816E+02	-6.872E+03	-1.446E+04	 6.833E+04	 7.433E+02	 1.164E+03	 1.489E+01
    1.8750	 1.030E+01	-3.076E-01	-3.183E-02	 3.365E+00	-2.494E-01	 0.000E+00	 6.066E-01	 3.085E+02	 8.227E+00	 7.912E+02	 4.023E-01	 8.144E-02	 0.000E+00	-7.403E+01	 1.643E+03	 1.722E+02	 8.362E+01	 1.775E+02	-7.956E+02	 6.131E+03	 2.061E+01	 1.475E+03	-1.964E+03	-1.522E+03	 7.027E+02	 1.650E+02	-3.460E+03	 1.492E+03	 5.567E+02	 7.583E+02	 7.919E+02	 1.829E+02	-6.873E+03	-1.447E+04	 6.811E+04	 7.572E+02	 1.165E+03	 1.489E+01
    1.8813	 1.030E+01	-3.048E-01	-2.958E-02	 3.375E+00	-2.532E-01	 0.000E+00	 6.043E-01	 3.088E+02	 8.229E+00	 7.913E+02	 4.012E-01	 8.120E-02	 0.000E+00	-6.996E+01	 1.648E+03	 1.720E+02	 8.301E+01	 1.765E+02	-7.780E+02	 6.132E+03	 2.038E+01	 1.515E+03	-1.969E+03	-1.473E+03	 7.005E+02	 1.647E+02	-3.461E+03	 1.525E+03	 5.919E+02	 7.717E+02	 7.885E+02	 1.842E+02	-6.874E+03	-1.449E+04	 6.789E+04	 7.706E+02	 1.165E+03	 1.490E+01
