    3.5813	 9.264E+00	 4.056E-03	 3.949E-01	 3.595E+00	-8.253E-01	 0.000E+00	 5.730E-02	 3.431E+01	 8.797E+00	 8.502E+02	 1.319E-01	-1.030E-02	 0.000E+00	 5.630E+02	 1.786E+03	 1.663E+02	-1.466E+02	 1.818E+02	 3.851E+03	 6.267E+03	-3.365E+01	 1.573E+03	-2.121E+03	 1.613E+03	 2.843E+02	 1.587E+01	-3.555E+03	 1.616E+03	-1.201E+03	 3.458E+01	 2.775E+02	 1.021E+01	-6.963E+03	 4.673E+02	 2.299E+04	 3.513E+01	 1.445E+03	 1.720E+01
    3.5875	 9.268E+00	 5.054E-03	 3.951E-01	 3.596E+00	-8.341E-01	 0.000E+00	 5.730E-02	 3.464E+01	 8.798E+00	 8.501E+02	 1.337E-01	-1.035E-02	 0.000E+00	 5.753E+02	 1.787E+03	 1.667E+02	-1.483E+02	 1.821E+02	 3.904E+03	 6.278E+03	-3.477E+01	 1.593E+03	-2.111E+03	 1.636E+03	 2.871E+02	 1.591E+01	-3.556E+03	 1.637E+03	-1.206E+03	 3.792E+01	 2.814E+02	 1.117E+01	-6.964E+03	 4.420E+02	 2.330E+04	 3.848E+01	 1.446E+03	 1.720E+01
    3.5938	 9.272E+00	 6.051E-03	 3.954E-01	 3.597E+00	-8.426E-01	 0.000E+00	 5.730E-02	 3.497E+01	 8.799E+00	 8.500E+02	 1.354E-01	-1.040E-02	 0.000E+00	 5.871E+02	 1.788E+03	 1.672E+02	-1.500E+02	 1.825E+02	 3.955E+03	 6.287E+03	-3.583E+01	 1.614E+03	-2.101E+03	 1.659E+03	 2.901E+02	 1.596E+01	-3.557E+03	 1.658E+03	-1.209E+03	 4.150E+01	 2.852E+02	 1.218E+01	-6.965E+03	 4.153E+02	 2.361E+04	 4.207E+01	 1.446E+03	 1.721E+01
    3.6000	 9.276E+00	 7.049E-03	 3.956E-01	 3.598E+00	-8.506E-01	 0.000E+00	 5.730E-02	 3.530E+01	 8.801E+00	 8.500E+02	 1.372E-01	-1.045E-02	 0.000E+00	 5.983E+02	 1.789E+03	 1.676E+02	-1.516E+02	 1.829E+02	 4.004E+03	 6.297E+03	-3.687E+01	 1.637E+03	-2.090E+03	 1.684E+03	 2.931E+02	 1.603E+01	-3.558E+03	 1.681E+03	-1.212E+03	 4.582E+01	 2.888E+02	 1.322E+01	-6.966E+03	 3.875E+02	 2.392E+04	 4.641E+01	 1.446E+03	 1.721E+01
    3.6063	 9.280E+00	 8.046E-03	 3.959E-01	 3.599E+00	-8.583E-01	 0.000E+00	 5.730E-02	 3.563E+01	 8.802E+00	 8.500E+02	 1.390E-01	-1.050E-02	 0.000E+00	 6.089E+02	 1.790E+03	 1.680E+02	-1.532E+02	 1.832E+02	 4.050E+03	 6.305E+03	-3.785E+01	 1.660E+03	-2.080E+03	 1.708E+03	 2.963E+02	 1.610E+01	-3.559E+03	 1.704E+03	-1.213E+03	 4.964E+01	 2.923E+02	 1.429E+01	-6.967E+03	 3.589E+02	 2.422E+04	 5.024E+01	 1.447E+03	 1.722E+01
    3.6125	 9.284E+00	 9.044E-03	 3.961E-01	 3.600E+00	-8.656E-01	 0.000E+00	 5.730E-02	 3.596E+01	 8.804E+00	 8.500E+02	 1.407E-01	-1.055E-02	 0.000E+00	 6.189E+02	 1.791E+03	 1.684E+02	-1.546E+02	 1.836E+02	 4.094E+03	 6.313E+03	-3.878E+01	 1.684E+03	-2.069E+03	 1.732E+03	 2.995E+02	 1.618E+01	-3.560E+03	 1.729E+03	-1.214E+03	 5.339E+01	 2.956E+02	 1.537E+01	-6.968E+03	 3.296E+02	 2.452E+04	 5.400E+01	 1.447E+03	 1.722E+01
    3.6188	 9.287E+00	 1.004E-02	 3.964E-01	 3.602E+00	-8.725E-01	 0.000E+00	 5.730E-02	 3.629E+01	 8.805E+00	 8.500E+02	 1.426E-01	-1.060E-02	 0.000E+00	 6.284E+02	 1.792E+03	 1.688E+02	-1.560E+02	 1.840E+02	 4.135E+03	 6.320E+03	-3.967E+01	 1.708E+03	-2.057E+03	 1.757E+03	 3.029E+02	 1.628E+01	-3.560E+03	 1.753E+03	-1.214E+03	 5.770E+01	 2.987E+02	 1.647E+01	-6.968E+03	 2.999E+02	 2.482E+04	 5.833E+01	 1.447E+03	 1.723E+01
    3.6250	 9.291E+00	 1.104E-02	 3.966E-01	 3.604E+00	-8.790E-01	 0.000E+00	 5.730E-02	 3.662E+01	 8.807E+00	 8.501E+02	 1.444E-01	-1.065E-02	 0.000E+00	 6.372E+02	 1.793E+03	 1.691E+02	-1.573E+02	 1.843E+02	 4.172E+03	 6.326E+03	-4.051E+01	 1.734E+03	-2.049E+03	 1.775E+03	 3.063E+02	 1.637E+01	-3.561E+03	 1.778E+03	-1.211E+03	 5.498E+01	 3.017E+02	 1.760E+01	-6.969E+03	 2.696E+02	 2.511E+04	 5.563E+01	 1.448E+03	 1.723E+01
    3.6313	 9.295E+00	 1.204E-02	 3.969E-01	 3.606E+00	-8.850E-01	 0.000E+00	 5.730E-02	 3.695E+01	 8.809E+00	 8.501E+02	 1.462E-01	-1.070E-02	 0.000E+00	 6.452E+02	 1.795E+03	 1.694E+02	-1.586E+02	 1.847E+02	 4.209E+03	 6.332E+03	-4.128E+01	 1.759E+03	-2.034E+03	 1.805E+03	 3.099E+02	 1.652E+01	-3.561E+03	 1.805E+03	-1.210E+03	 6.593E+01	 3.045E+02	 1.868E+01	-6.969E+03	 2.400E+02	 2.540E+04	 6.659E+01	 1.448E+03	 1.724E+01
    3.6375	 9.299E+00	 1.303E-02	 3.971E-01	 3.608E+00	-8.905E-01	 0.000E+00	 5.730E-02	 3.728E+01	 8.811E+00	 8.503E+02	 1.481E-01	-1.076E-02	 0.000E+00	 6.526E+02	 1.796E+03	 1.697E+02	-1.597E+02	 1.851E+02	 4.242E+03	 6.337E+03	-4.201E+01	 1.785E+03	-2.023E+03	 1.828E+03	 3.135E+02	 1.664E+01	-3.561E+03	 1.830E+03	-1.206E+03	 6.825E+01	 3.072E+02	 1.978E+01	-6.969E+03	 2.101E+02	 2.570E+04	 6.893E+01	 1.449E+03	 1.724E+01
