    3.6063	 9.498E+00	 4.889E-02	-4.024E-01	 3.691E+00	-8.757E-01	 0.000E+00	 5.730E-02	 3.596E+01	 8.831E+00	 8.526E+02	 1.411E-01	-1.110E-02	 0.000E+00	 6.182E+02	 1.832E+03	 1.725E+02	-1.560E+02	 1.849E+02	 4.125E+03	 6.466E+03	-3.849E+01	 1.667E+03	-1.863E+03	 1.573E+03	 2.934E+02	 1.436E+01	-3.562E+03	 1.703E+03	-9.841E+02	 5.404E+01	 2.973E+02	 1.429E+01	-6.970E+03	 4.305E+02	 2.458E+04	 5.466E+01	 1.460E+03	 1.733E+01
    3.6125	 9.504E+00	 5.091E-02	-4.012E-01	 3.692E+00	-8.829E-01	 0.000E+00	 5.730E-02	 3.630E+01	 8.833E+00	 8.526E+02	 1.429E-01	-1.116E-02	 0.000E+00	 6.281E+02	 1.832E+03	 1.728E+02	-1.575E+02	 1.853E+02	 4.169E+03	 6.473E+03	-3.944E+01	 1.692E+03	-1.848E+03	 1.589E+03	 2.963E+02	 1.445E+01	-3.562E+03	 1.728E+03	-9.780E+02	 5.548E+01	 3.011E+02	 1.537E+01	-6.970E+03	 4.011E+02	 2.490E+04	 5.612E+01	 1.461E+03	 1.733E+01
    3.6188	 9.509E+00	 5.293E-02	-4.000E-01	 3.692E+00	-8.896E-01	 0.000E+00	 5.730E-02	 3.663E+01	 8.834E+00	 8.526E+02	 1.448E-01	-1.121E-02	 0.000E+00	 6.376E+02	 1.833E+03	 1.731E+02	-1.588E+02	 1.857E+02	 4.209E+03	 6.479E+03	-4.035E+01	 1.718E+03	-1.843E+03	 1.621E+03	 3.001E+02	 1.462E+01	-3.563E+03	 1.754E+03	-9.855E+02	 6.267E+01	 3.042E+02	 1.644E+01	-6.971E+03	 3.720E+02	 2.521E+04	 6.332E+01	 1.461E+03	 1.734E+01
    3.6250	 9.515E+00	 5.495E-02	-3.987E-01	 3.693E+00	-8.960E-01	 0.000E+00	 5.730E-02	 3.696E+01	 8.836E+00	 8.527E+02	 1.467E-01	-1.126E-02	 0.000E+00	 6.463E+02	 1.834E+03	 1.734E+02	-1.601E+02	 1.861E+02	 4.247E+03	 6.484E+03	-4.120E+01	 1.744E+03	-1.830E+03	 1.642E+03	 3.035E+02	 1.477E+01	-3.563E+03	 1.780E+03	-9.815E+02	 6.615E+01	 3.074E+02	 1.752E+01	-6.971E+03	 3.425E+02	 2.551E+04	 6.682E+01	 1.462E+03	 1.734E+01
    3.6313	 9.521E+00	 5.697E-02	-3.975E-01	 3.694E+00	-9.019E-01	 0.000E+00	 5.730E-02	 3.729E+01	 8.838E+00	 8.528E+02	 1.486E-01	-1.131E-02	 0.000E+00	 6.544E+02	 1.835E+03	 1.737E+02	-1.613E+02	 1.864E+02	 4.282E+03	 6.489E+03	-4.201E+01	 1.771E+03	-1.819E+03	 1.665E+03	 3.072E+02	 1.494E+01	-3.563E+03	 1.807E+03	-9.788E+02	 7.071E+01	 3.103E+02	 1.859E+01	-6.971E+03	 3.133E+02	 2.582E+04	 7.140E+01	 1.462E+03	 1.735E+01
    3.6375	 9.526E+00	 5.899E-02	-3.963E-01	 3.695E+00	-9.073E-01	 0.000E+00	 5.730E-02	 3.762E+01	 8.839E+00	 8.529E+02	 1.505E-01	-1.137E-02	 0.000E+00	 6.619E+02	 1.836E+03	 1.740E+02	-1.625E+02	 1.868E+02	 4.315E+03	 6.493E+03	-4.275E+01	 1.798E+03	-1.807E+03	 1.689E+03	 3.110E+02	 1.512E+01	-3.563E+03	 1.834E+03	-9.747E+02	 7.530E+01	 3.130E+02	 1.964E+01	-6.971E+03	 2.845E+02	 2.611E+04	 7.600E+01	 1.463E+03	 1.735E+01
    3.6438	 9.532E+00	 6.101E-02	-3.951E-01	 3.697E+00	-9.123E-01	 0.000E+00	 5.730E-02	 3.795E+01	 8.841E+00	 8.530E+02	 1.524E-01	-1.142E-02	 0.000E+00	 6.686E+02	 1.837E+03	 1.742E+02	-1.635E+02	 1.873E+02	 4.344E+03	 6.496E+03	-4.343E+01	 1.825E+03	-1.795E+03	 1.712E+03	 3.148E+02	 1.532E+01	-3.562E+03	 1.861E+03	-9.693E+02	 7.976E+01	 3.155E+02	 2.067E+01	-6.970E+03	 2.561E+02	 2.641E+04	 8.048E+01	 1.463E+03	 1.735E+01
    3.6500	 9.538E+00	 6.303E-02	-3.939E-01	 3.698E+00	-9.168E-01	 0.000E+00	 5.730E-02	 3.828E+01	 8.843E+00	 8.532E+02	 1.544E-01	-1.147E-02	 0.000E+00	 6.747E+02	 1.839E+03	 1.744E+02	-1.645E+02	 1.877E+02	 4.371E+03	 6.499E+03	-4.404E+01	 1.852E+03	-1.783E+03	 1.735E+03	 3.188E+02	 1.552E+01	-3.562E+03	 1.888E+03	-9.625E+02	 8.447E+01	 3.179E+02	 2.168E+01	-6.970E+03	 2.285E+02	 2.670E+04	 8.522E+01	 1.464E+03	 1.736E+01
    3.6562	 9.543E+00	 6.504E-02	-3.927E-01	 3.700E+00	-9.208E-01	 0.000E+00	 5.730E-02	 3.862E+01	 8.846E+00	 8.534E+02	 1.563E-01	-1.153E-02	 0.000E+00	 6.800E+02	 1.840E+03	 1.746E+02	-1.654E+02	 1.881E+02	 4.395E+03	 6.502E+03	-4.457E+01	 1.879E+03	-1.769E+03	 1.758E+03	 3.228E+02	 1.575E+01	-3.561E+03	 1.915E+03	-9.542E+02	 8.931E+01	 3.201E+02	 2.266E+01	-6.969E+03	 2.017E+02	 2.698E+04	 9.008E+01	 1.465E+03	 1.736E+01
    3.6625	 9.549E+00	 6.706E-02	-3.915E-01	 3.702E+00	-9.244E-01	 0.000E+00	 5.730E-02	 3.895E+01	 8.848E+00	 8.536E+02	 1.583E-01	-1.158E-02	 0.000E+00	 6.847E+02	 1.841E+03	 1.748E+02	-1.662E+02	 1.885E+02	 4.416E+03	 6.504E+03	-4.506E+01	 1.906E+03	-1.756E+03	 1.780E+03	 3.269E+02	 1.598E+01	-3.560E+03	 1.941E+03	-9.446E+02	 9.404E+01	 3.221E+02	 2.360E+01	-6.968E+03	 1.758E+02	 2.727E+04	 9.482E+01	 1.466E+03	 1.737E+01
    3.6688	 9.555E+00	 6.908E-02	-3.903E-01	 3.704E+00	-9.274E-01	 0.000E+00	 5.730E-02	 3.928E+01	 8.850E+00	 8.539E+02	 1.603E-01	-1.163E-02	 0.000E+00	 6.885E+02	 1.842E+03	 1.750E+02	-1.669E+02	 1.890E+02	 4.434E+03	 6.506E+03	-4.547E+01	 1.932E+03	-1.741E+03	 1.802E+03	 3.311E+02	 1.622E+01	-3.559E+03	 1.968E+03	-9.339E+02	 9.908E+01	 3.241E+02	 2.450E+01	-6.967E+03	 1.511E+02	 2.755E+04	 9.988E+01	 1.467E+03	 1.737E+01
    3.6750	 9.560E+00	 7.110E-02	-3.891E-01	 3.706E+00	-9.300E-01	 0.000E+00	 5.730E-02	 3.961E+01	 8.853E+00	 8.542E+02	 1.623E-01	-1.169E-02	 0.000E+00	 6.917E+02	 1.843E+03	 1.752E+02	-1.675E+02	 1.894E+02	 4.449E+03	 6.508E+03	-4.581E+01	 1.958E+03	-1.727E+03	 1.823E+03	 3.353E+02	 1.646E+01	-3.557E+03	 1.993E+03	-9.219E+02	 1.044E+02	 3.259E+02	 2.536E+01	-6.966E+03	 1.277E+02	 2.783E+04	 1.052E+02	 1.467E+03	 1.738E+01
    3.6813
