   26.7563	 1.118E+01	 6.236E-01	-2.692E-01	 4.049E+00	-1.860E-01	 0.000E+00	 1.154E+00	 2.125E+02	 1.208E+01	 1.172E+03	 2.962E-01	-1.588E-02	 0.000E+00	-3.994E+02	 1.951E+03	 2.126E+02	 7.688E+01	 7.426E+02	-1.405E+03	 7.452E+03	 1.805E+01	 3.154E+03	 4.560E+02	-1.415E+03	 5.501E+02	 3.450E+01	-3.504E+03	 3.151E+03	 1.291E+03	 6.748E+02	 5.197E+02	 3.873E+01	-6.914E+03	-6.757E+01	 4.830E+04	 6.773E+02	 3.717E+03	 3.209E+01
   26.7625	 1.118E+01	 6.226E-01	-2.663E-01	 4.049E+00	-1.824E-01	 0.000E+00	 1.154E+00	 2.130E+02	 1.208E+01	 1.172E+03	 2.966E-01	-1.584E-02	 0.000E+00	-4.039E+02	 1.952E+03	 2.132E+02	 7.813E+01	 7.420E+02	-1.432E+03	 7.467E+03	 1.852E+01	 3.153E+03	 4.648E+02	-1.423E+03	 5.500E+02	 3.456E+01	-3.504E+03	 3.151E+03	 1.268E+03	 6.656E+02	 5.230E+02	 3.893E+01	-6.915E+03	-7.759E+01	 4.844E+04	 6.680E+02	 3.718E+03	 3.210E+01
   26.7688	 1.118E+01	 6.216E-01	-2.633E-01	 4.050E+00	-1.789E-01	 0.000E+00	 1.154E+00	 2.135E+02	 1.208E+01	 1.172E+03	 2.970E-01	-1.579E-02	 0.000E+00	-4.084E+02	 1.952E+03	 2.138E+02	 7.937E+01	 7.415E+02	-1.458E+03	 7.484E+03	 1.899E+01	 3.152E+03	 4.745E+02	-1.431E+03	 5.498E+02	 3.463E+01	-3.504E+03	 3.150E+03	 1.244E+03	 6.555E+02	 5.264E+02	 3.910E+01	-6.915E+03	-8.668E+01	 4.858E+04	 6.579E+02	 3.718E+03	 3.210E+01
   26.7750	 1.118E+01	 6.206E-01	-2.604E-01	 4.051E+00	-1.754E-01	 0.000E+00	 1.154E+00	 2.139E+02	 1.208E+01	 1.172E+03	 2.974E-01	-1.575E-02	 0.000E+00	-4.128E+02	 1.952E+03	 2.144E+02	 8.060E+01	 7.409E+02	-1.485E+03	 7.500E+03	 1.946E+01	 3.151E+03	 4.843E+02	-1.438E+03	 5.497E+02	 3.472E+01	-3.505E+03	 3.150E+03	 1.221E+03	 6.444E+02	 5.298E+02	 3.922E+01	-6.915E+03	-9.481E+01	 4.872E+04	 6.468E+02	 3.718E+03	 3.210E+01
   26.7812	 1.118E+01	 6.195E-01	-2.575E-01	 4.053E+00	-1.719E-01	 0.000E+00	 1.153E+00	 2.144E+02	 1.208E+01	 1.172E+03	 2.977E-01	-1.570E-02	 0.000E+00	-4.171E+02	 1.953E+03	 2.150E+02	 8.182E+01	 7.403E+02	-1.511E+03	 7.517E+03	 1.992E+01	 3.150E+03	 4.945E+02	-1.444E+03	 5.495E+02	 3.483E+01	-3.505E+03	 3.150E+03	 1.199E+03	 6.320E+02	 5.334E+02	 3.931E+01	-6.915E+03	-1.020E+02	 4.887E+04	 6.345E+02	 3.719E+03	 3.210E+01
   26.7875	 1.119E+01	 6.185E-01	-2.545E-01	 4.054E+00	-1.685E-01	 0.000E+00	 1.153E+00	 2.148E+02	 1.208E+01	 1.172E+03	 2.981E-01	-1.566E-02	 0.000E+00	-4.214E+02	 1.954E+03	 2.156E+02	 8.304E+01	 7.397E+02	-1.537E+03	 7.534E+03	 2.037E+01	 3.149E+03	 5.047E+02	-1.450E+03	 5.492E+02	 3.497E+01	-3.505E+03	 3.149E+03	 1.176E+03	 6.194E+02	 5.370E+02	 3.935E+01	-6.915E+03	-1.081E+02	 4.901E+04	 6.219E+02	 3.719E+03	 3.210E+01
   26.7938	 1.119E+01	 6.175E-01	-2.516E-01	 4.056E+00	-1.652E-01	 0.000E+00	 1.153E+00	 2.153E+02	 1.208E+01	 1.172E+03	 2.985E-01	-1.561E-02	 0.000E+00	-4.257E+02	 1.954E+03	 2.162E+02	 8.425E+01	 7.391E+02	-1.562E+03	 7.551E+03	 2.082E+01	 3.148E+03	 5.151E+02	-1.455E+03	 5.490E+02	 3.513E+01	-3.505E+03	 3.148E+03	 1.154E+03	 6.061E+02	 5.405E+02	 3.935E+01	-6.915E+03	-1.132E+02	 4.916E+04	 6.086E+02	 3.719E+03	 3.211E+01
   26.8000	 1.119E+01	 6.165E-01	-2.487E-01	 4.057E+00	-1.620E-01	 0.000E+00	 1.153E+00	 2.157E+02	 1.208E+01	 1.172E+03	 2.989E-01	-1.556E-02	 0.000E+00	-4.299E+02	 1.955E+03	 2.168E+02	 8.545E+01	 7.384E+02	-1.588E+03	 7.567E+03	 2.126E+01	 3.146E+03	 5.257E+02	-1.460E+03	 5.489E+02	 3.531E+01	-3.505E+03	 3.147E+03	 1.133E+03	 5.921E+02	 5.441E+02	 3.930E+01	-6.915E+03	-1.173E+02	 4.931E+04	 5.945E+02	 3.720E+03	 3.211E+01
   26.8063	 1.119E+01	 6.155E-01	-2.457E-01	 4.060E+00	-1.588E-01	 0.000E+00	 1.153E+00	 2.162E+02	 1.208E+01	 1.172E+03	 2.994E-01	-1.550E-02	 0.000E+00	-4.341E+02	 1.956E+03	 2.174E+02	 8.664E+01	 7.378E+02	-1.613E+03	 7.585E+03	 2.170E+01	 3.145E+03	 5.367E+02	-1.465E+03	 5.487E+02	 3.551E+01	-3.505E+03	 3.146E+03	 1.111E+03	 5.774E+02	 5.475E+02	 3.921E+01	-6.915E+03	-1.204E+02	 4.945E+04	 5.799E+02	 3.720E+03	 3.211E+01
   26.8125	 1.119E+01	 6.145E-01	-2.428E-01	 4.062E+00	-1.556E-01	 0.000E+00	 1.152E+00	 2.166E+02	 1.208E+01	 1.172E+03	 2.998E-01	-1.545E-02	 0.000E+00	-4.382E+02	 1.957E+03	 2.180E+02	 8.781E+01	 7.371E+02	-1.638E+03	 7.602E+03	 2.213E+01	 3.144E+03	 5.477E+02	-1.469E+03	 5.486E+02	 3.573E+01	-3.505E+03	 3.145E+03	 1.091E+03	 5.621E+02	 5.509E+02	 3.909E+01	-6.915E+03	-1.226E+02	 4.960E+04	 5.646E+02	 3.720E+03	 3.211E+01
   26.8188	 1.119E+01	 6.135E-01	-2.399E-01	 4.064E+00	-1.525E-01	 0.000E+00	 1.152E+00	 2.171E+02	 1.208E+01	 1.172E+03	 3.002E-01	-1.540E-02	 0.000E+00	-4.423E+02	 1.958E+03	 2.186E+02	 8.898E+01	 7.365E+02	-1.662E+03	 7.619E+03	 2.255E+01	 3.143E+03	 5.584E+02	-1.473E+03	 5.486E+02	 3.598E+01	-3.505E+03	 3.144E+03	 1.071E+03	 5.469E+02	 5.542E+02	 3.892E+01	-6.915E+03	-1.239E+02	 4.974E+04	 5.493E+02	 3.721E+03	 3.211E+01
   23.8688	 1.091E+01	-1.404E-01	 4.770E-01	 4.701E+00	-7.454E-01	 0.000E+00	 1.417E+00	 2.000E+01	 1.198E+01	 1.161E+03	 3.273E-01	 1.005E-02	 0.000E+00	 1.170E+02	 2.308E+03	 2.411E+02	-8.954E+01	 4.305E+02	 2.186E+03	 8.634E+03	-1.721E+01	 3.245E+03	-1.593E+03	 1.438E+03	 6.055E+02	 8.454E+01	-3.482E+03	 3.209E+03	 7.193E+02	 4.854E+02	 6.053E+02	 8.217E+01	-6.893E+03	-4.174E+03	 5.431E+04	 4.875E+02	 3.789E+03	 3.300E+01
   23.8750	 1.091E+01	-1.424E-01	 4.718E-01	 4.704E+00	-7.482E-01	 0.000E+00	 1.416E+00	 2.045E+01	 1.198E+01	 1.162E+03	 3.279E-01	 1.023E-02	 0.000E+00	 1.190E+02	 2.310E+03	 2.416E+02	-9.076E+01	 4.310E+02	 2.209E+03	 8.646E+03	-1.748E+01	 3.245E+03	-1.589E+03	 1.455E+03	 6.074E+02	 8.471E+01	-3.481E+03	 3.209E+03	 7.201E+02	 4.873E+02	 6.050E+02	 8.274E+01	-6.892E+03	-4.209E+03	 5.437E+04	 4.894E+02	 3.788E+03	 3.299E+01
   23.8813	 1.091E+01	-1.443E-01	 4.667E-01	 4.707E+00	-7.510E-01	 0.000E+00	 1.416E+00	 2.090E+01	 1.198E+01	 1.162E+03	 3.284E-01	 1.041E-02	 0.000E+00	 1.210E+02	 2.311E+03	 2.420E+02	-9.198E+01	 4.315E+02	 2.231E+03	 8.658E+03	-1.769E+01	 3.245E+03	-1.586E+03	 1.473E+03	 6.093E+02	 8.486E+01	-3.479E+03	 3.210E+03	 7.203E+02	 4.903E+02	 6.048E+02	 8.333E+01	-6.891E+03	-4.245E+03	 5.443E+04	 4.924E+02	 3.787E+03	 3.298E+01
   23.8875	 1.091E+01	-1.463E-01	 4.615E-01	 4.711E+00	-7.538E-01	 0.000E+00	 1.415E+00	 2.135E+01	 1.198E+01	 1.162E+03	 3.290E-01	 1.058E-02	 0.000E+00	 1.229E+02	 2.313E+03	 2.424E+02	-9.321E+01	 4.320E+02	 2.253E+03	 8.669E+03	-1.793E+01	 3.245E+03	-1.583E+03	 1.490E+03	 6.111E+02	 8.499E+01	-3.478E+03	 3.210E+03	 7.202E+02	 4.935E+02	 6.046E+02	 8.396E+01	-6.889E+03	-4.282E+03	 5.450E+04	 4.956E+02	 3.786E+03	 3.297E+01
   23.8938	 1.092E+01	-1.482E-01	 4.563E-01	 4.714E+00	-7.565E-01	 0.000E+00	 1.415E+00	 2.179E+01	 1.198E+01	 1.162E+03	 3.296E-01	 1.076E-02	 0.000E+00	 1.248E+02	 2.315E+03	 2.428E+02	-9.443E+01	 4.325E+02	 2.275E+03	 8.679E+03	-1.818E+01	 3.245E+03	-1.579E+03	 1.509E+03	 6.129E+02	 8.510E+01	-3.477E+03	 3.210E+03	 7.189E+02	 4.978E+02	 6.046E+02	 8.460E+01	-6.888E+03	-4.319E+03	 5.456E+04	 4.999E+02	 3.785E+03	 3.296E+01
   23.9000	 1.092E+01	-1.502E-01	 4.512E-01	 4.717E+00	-7.592E-01	 0.000E+00	 1.415E+00	 2.224E+01	 1.198E+01	 1.162E+03	 3.302E-01	 1.093E-02	 0.000E+00	 1.267E+02	 2.316E+03	 2.431E+02	-9.566E+01	 4.330E+02	 2.297E+03	 8.688E+03	-1.844E+01	 3.244E+03	-1.576E+03	 1.528E+03	 6.147E+02	 8.518E+01	-3.476E+03	 3.211E+03	 7.172E+02	 5.024E+02	 6.046E+02	 8.527E+01	-6.887E+03	-4.357E+03	 5.463E+04	 5.045E+02	 3.785E+03	 3.295E+01
   23.9062	 1.092E+01	-1.521E-01	 4.460E-01	 4.720E+00	-7.620E-01	 0.000E+00	 1.414E+00	 2.269E+01	 1.198E+01	 1.162E+03	 3.308E-01	 1.111E-02	 0.000E+00	 1.285E+02	 2.318E+03	 2.434E+02	-9.688E+01	 4.335E+02	 2.319E+03	 8.697E+03	-1.867E+01	 3.243E+03	-1.573E+03	 1.548E+03	 6.163E+02	 8.524E+01	-3.474E+03	 3.211E+03	 7.150E+02	 5.078E+02	 6.048E+02	 8.595E+01	-6.886E+03	-4.395E+03	 5.470E+04	 5.099E+02	 3.784E+03	 3.294E+01
