  584.0438	 1.049E+01	-1.321E+00	 1.781E-02	 4.477E+00	-5.178E-01	 0.000E+00	 1.311E-01	 1.705E+02	 1.158E+01	 1.123E+03	 2.921E-01	-5.169E-02	 0.000E+00	 1.147E+01	 2.182E+03	 2.299E+02	-5.321E+01	 7.168E+02	 1.387E+03	 8.114E+03	-1.390E+01	 2.874E+03	 2.349E+03	 2.168E+03	 5.568E+02	-3.758E+01	-3.465E+03	 2.730E+03	-5.099E+02	-1.974E+03	 5.709E+02	-3.812E+01	-6.875E+03	 6.139E+03	 4.942E+04	-1.971E+03	 3.354E+03	 3.021E+01
  584.0500	 1.048E+01	-1.319E+00	 1.825E-02	 4.486E+00	-5.164E-01	 0.000E+00	 1.303E-01	 1.709E+02	 1.158E+01	 1.123E+03	 2.923E-01	-5.170E-02	 0.000E+00	 9.524E+00	 2.186E+03	 2.299E+02	-5.206E+01	 7.168E+02	 1.367E+03	 8.118E+03	-1.367E+01	 2.874E+03	 2.372E+03	 2.176E+03	 5.575E+02	-3.735E+01	-3.465E+03	 2.727E+03	-5.189E+02	-1.999E+03	 5.711E+02	-3.871E+01	-6.875E+03	 6.157E+03	 4.945E+04	-1.996E+03	 3.354E+03	 3.021E+01
  584.0562	 1.048E+01	-1.317E+00	 1.869E-02	 4.496E+00	-5.150E-01	 0.000E+00	 1.296E-01	 1.713E+02	 1.158E+01	 1.123E+03	 2.925E-01	-5.172E-02	 0.000E+00	 7.583E+00	 2.191E+03	 2.298E+02	-5.092E+01	 7.169E+02	 1.348E+03	 8.122E+03	-1.344E+01	 2.875E+03	 2.395E+03	 2.184E+03	 5.582E+02	-3.713E+01	-3.465E+03	 2.724E+03	-5.270E+02	-2.024E+03	 5.712E+02	-3.928E+01	-6.875E+03	 6.175E+03	 4.949E+04	-2.021E+03	 3.353E+03	 3.021E+01
  584.0625	 1.048E+01	-1.315E+00	 1.914E-02	 4.505E+00	-5.136E-01	 0.000E+00	 1.289E-01	 1.718E+02	 1.158E+01	 1.123E+03	 2.928E-01	-5.173E-02	 0.000E+00	 5.629E+00	 2.196E+03	 2.297E+02	-4.977E+01	 7.169E+02	 1.329E+03	 8.126E+03	-1.321E+01	 2.875E+03	 2.418E+03	 2.191E+03	 5.588E+02	-3.692E+01	-3.464E+03	 2.722E+03	-5.341E+02	-2.048E+03	 5.713E+02	-3.981E+01	-6.875E+03	 6.191E+03	 4.952E+04	-2.046E+03	 3.353E+03	 3.021E+01
  584.0688	 1.048E+01	-1.313E+00	 1.958E-02	 4.515E+00	-5.122E-01	 0.000E+00	 1.282E-01	 1.722E+02	 1.157E+01	 1.123E+03	 2.930E-01	-5.174E-02	 0.000E+00	 3.665E+00	 2.200E+03	 2.296E+02	-4.863E+01	 7.169E+02	 1.309E+03	 8.129E+03	-1.298E+01	 2.876E+03	 2.439E+03	 2.196E+03	 5.595E+02	-3.672E+01	-3.464E+03	 2.720E+03	-5.402E+02	-2.072E+03	 5.714E+02	-4.030E+01	-6.875E+03	 6.206E+03	 4.954E+04	-2.070E+03	 3.353E+03	 3.021E+01
  584.0750	 1.048E+01	-1.311E+00	 2.002E-02	 4.524E+00	-5.107E-01	 0.000E+00	 1.275E-01	 1.726E+02	 1.157E+01	 1.123E+03	 2.932E-01	-5.175E-02	 0.000E+00	 1.687E+00	 2.205E+03	 2.295E+02	-4.750E+01	 7.169E+02	 1.290E+03	 8.133E+03	-1.276E+01	 2.876E+03	 2.461E+03	 2.201E+03	 5.601E+02	-3.653E+01	-3.464E+03	 2.718E+03	-5.456E+02	-2.095E+03	 5.714E+02	-4.075E+01	-6.874E+03	 6.219E+03	 4.957E+04	-2.092E+03	 3.352E+03	 3.021E+01
  584.0813	 1.048E+01	-1.309E+00	 2.047E-02	 4.533E+00	-5.093E-01	 0.000E+00	 1.267E-01	 1.731E+02	 1.157E+01	 1.123E+03	 2.934E-01	-5.175E-02	 0.000E+00	-3.042E-01	 2.209E+03	 2.294E+02	-4.637E+01	 7.169E+02	 1.271E+03	 8.136E+03	-1.255E+01	 2.877E+03	 2.482E+03	 2.205E+03	 5.608E+02	-3.636E+01	-3.464E+03	 2.716E+03	-5.502E+02	-2.117E+03	 5.714E+02	-4.114E+01	-6.874E+03	 6.231E+03	 4.960E+04	-2.115E+03	 3.352E+03	 3.021E+01
  584.0875	 1.048E+01	-1.307E+00	 2.091E-02	 4.541E+00	-5.078E-01	 0.000E+00	 1.260E-01	 1.735E+02	 1.157E+01	 1.122E+03	 2.936E-01	-5.176E-02	 0.000E+00	-2.311E+00	 2.213E+03	 2.293E+02	-4.524E+01	 7.169E+02	 1.252E+03	 8.140E+03	-1.233E+01	 2.878E+03	 2.502E+03	 2.207E+03	 5.614E+02	-3.622E+01	-3.464E+03	 2.715E+03	-5.541E+02	-2.139E+03	 5.714E+02	-4.148E+01	-6.874E+03	 6.242E+03	 4.962E+04	-2.136E+03	 3.352E+03	 3.021E+01
  584.0938	 1.047E+01	-1.305E+00	 2.135E-02	 4.550E+00	-5.063E-01	 0.000E+00	 1.253E-01	 1.739E+02	 1.157E+01	 1.122E+03	 2.939E-01	-5.177E-02	 0.000E+00	-4.337E+00	 2.217E+03	 2.292E+02	-4.411E+01	 7.169E+02	 1.233E+03	 8.144E+03	-1.212E+01	 2.879E+03	 2.522E+03	 2.209E+03	 5.621E+02	-3.610E+01	-3.463E+03	 2.714E+03	-5.571E+02	-2.160E+03	 5.714E+02	-4.177E+01	-6.874E+03	 6.250E+03	 4.965E+04	-2.158E+03	 3.351E+03	 3.021E+01
  584.1000	 1.047E+01	-1.303E+00	 2.180E-02	 4.558E+00	-5.048E-01	 0.000E+00	 1.246E-01	 1.744E+02	 1.157E+01	 1.122E+03	 2.941E-01	-5.177E-02	 0.000E+00	-6.385E+00	 2.221E+03	 2.292E+02	-4.299E+01	 7.169E+02	 1.214E+03	 8.148E+03	-1.192E+01	 2.880E+03	 2.542E+03	 2.210E+03	 5.627E+02	-3.601E+01	-3.463E+03	 2.713E+03	-5.594E+02	-2.181E+03	 5.714E+02	-4.199E+01	-6.874E+03	 6.257E+03	 4.968E+04	-2.178E+03	 3.351E+03	 3.020E+01
  584.1063	 1.047E+01	-1.300E+00	 2.224E-02	 4.566E+00	-5.032E-01	 0.000E+00	 1.239E-01	 1.748E+02	 1.157E+01	 1.122E+03	 2.943E-01	-5.178E-02	 0.000E+00	-8.460E+00	 2.225E+03	 2.291E+02	-4.186E+01	 7.168E+02	 1.195E+03	 8.152E+03	-1.172E+01	 2.882E+03	 2.561E+03	 2.210E+03	 5.633E+02	-3.594E+01	-3.463E+03	 2.712E+03	-5.612E+02	-2.200E+03	 5.714E+02	-4.214E+01	-6.874E+03	 6.262E+03	 4.970E+04	-2.198E+03	 3.351E+03	 3.020E+01
  584.1125	 1.047E+01	-1.298E+00	 2.268E-02	 4.573E+00	-5.017E-01	 0.000E+00	 1.231E-01	 1.752E+02	 1.157E+01	 1.122E+03	 2.945E-01	-5.178E-02	 0.000E+00	-1.056E+01	 2.229E+03	 2.291E+02	-4.074E+01	 7.168E+02	 1.176E+03	 8.156E+03	-1.153E+01	 2.883E+03	 2.579E+03	 2.209E+03	 5.638E+02	-3.591E+01	-3.463E+03	 2.711E+03	-5.623E+02	-2.219E+03	 5.714E+02	-4.223E+01	-6.873E+03	 6.266E+03	 4.973E+04	-2.216E+03	 3.351E+03	 3.020E+01
  584.1187	 1.047E+01	-1.296E+00	 2.313E-02	 4.580E+00	-5.000E-01	 0.000E+00	 1.224E-01	 1.757E+02	 1.157E+01	 1.122E+03	 2.947E-01	-5.179E-02	 0.000E+00	-1.268E+01	 2.232E+03	 2.291E+02	-3.962E+01	 7.168E+02	 1.156E+03	 8.161E+03	-1.134E+01	 2.884E+03	 2.597E+03	 2.207E+03	 5.644E+02	-3.590E+01	-3.463E+03	 2.711E+03	-5.632E+02	-2.238E+03	 5.714E+02	-4.226E+01	-6.873E+03	 6.267E+03	 4.975E+04	-2.235E+03	 3.350E+03	 3.020E+01
  584.1250	 1.047E+01	-1.294E+00	 2.357E-02	 4.587E+00	-4.983E-01	 0.000E+00	 1.217E-01	 1.761E+02	 1.157E+01	 1.122E+03	 2.950E-01	-5.179E-02	 0.000E+00	-1.483E+01	 2.235E+03	 2.291E+02	-3.849E+01	 7.167E+02	 1.137E+03	 8.166E+03	-1.119E+01	 2.885E+03	 2.615E+03	 2.204E+03	 5.649E+02	-3.592E+01	-3.463E+03	 2.710E+03	-5.634E+02	-2.255E+03	 5.714E+02	-4.221E+01	-6.873E+03	 6.266E+03	 4.978E+04	-2.252E+03	 3.350E+03	 3.020E+01
  584.1313	 1.047E+01	-1.292E+00	 2.401E-02	 4.593E+00	-4.966E-01	 0.000E+00	 1.210E-01	 1.765E+02	 1.157E+01	 1.122E+03	 2.952E-01	-5.179E-02	 0.000E+00	-1.702E+01	 2.238E+03	 2.291E+02	-3.736E+01	 7.166E+02	 1.118E+03	 8.171E+03	-1.104E+01	 2.886E+03	 2.632E+03	 2.200E+03	 5.654E+02	-3.598E+01	-3.462E+03	 2.710E+03	-5.625E+02	-2.271E+03	 5.715E+02	-4.211E+01	-6.873E+03	 6.263E+03	 4.981E+04	-2.269E+03	 3.350E+03	 3.020E+01
  584.1375	 1.047E+01	-1.290E+00	 2.446E-02	 4.599E+00	-4.948E-01	 0.000E+00	 1.203E-01	 1.770E+02	 1.157E+01	 1.122E+03	 2.954E-01	-5.179E-02	 0.000E+00	-1.923E+01	 2.241E+03	 2.292E+02	-3.624E+01	 7.166E+02	 1.098E+03	 8.176E+03	-1.088E+01	 2.888E+03	 2.648E+03	 2.196E+03	 5.658E+02	-3.606E+01	-3.462E+03	 2.710E+03	-5.614E+02	-2.287E+03	 5.716E+02	-4.193E+01	-6.873E+03	 6.258E+03	 4.983E+04	-2.284E+03	 3.349E+03	 3.020E+01
  584.1438	 1.046E+01	-1.288E+00	 2.490E-02	 4.604E+00	-4.929E-01	 0.000E+00	 1.196E-01	 1.774E+02	 1.157E+01	 1.122E+03	 2.956E-01	-5.179E-02	 0.000E+00	-2.147E+01	 2.244E+03	 2.292E+02	-3.510E+01	 7.165E+02	 1.079E+03	 8.182E+03	-1.071E+01	 2.889E+03	 2.664E+03	 2.190E+03	 5.662E+02	-3.617E+01	-3.462E+03	 2.710E+03	-5.599E+02	-2.302E+03	 5.718E+02	-4.170E+01	-6.873E+03	 6.252E+03	 4.986E+04	-2.299E+03	 3.349E+03	 3.019E+01
  584.1500	 1.046E+01	-1.286E+00	 2.534E-02	 4.609E+00	-4.910E-01	 0.000E+00	 1.188E-01	 1.778E+02	 1.157E+01	 1.122E+03	 2.958E-01	-5.179E-02	 0.000E+00	-2.375E+01	 2.246E+03	 2.293E+02	-3.397E+01	 7.164E+02	 1.059E+03	 8.188E+03	-1.059E+01	 2.890E+03	 2.680E+03	 2.182E+03	 5.666E+02	-3.631E+01	-3.462E+03	 2.711E+03	-5.580E+02	-2.316E+03	 5.720E+02	-4.141E+01	-6.872E+03	 6.244E+03	 4.989E+04	-2.313E+03	 3.349E+03	 3.019E+01
  584.1562	 1.046E+01	-1.284E+00	 2.579E-02	 4.613E+00	-4.890E-01	 0.000E+00	 1.181E-01	 1.783E+02	 1.157E+01	 1.122E+03	 2.960E-01	-5.178E-02	 0.000E+00	-2.607E+01	 2.248E+03	 2.295E+02	-3.284E+01	 7.163E+02	 1.039E+03	 8.194E+03	-1.045E+01	 2.891E+03	 2.695E+03	 2.174E+03	 5.669E+02	-3.647E+01	-3.462E+03	 2.711E+03	-5.559E+02	-2.328E+03	 5.723E+02	-4.106E+01	-6.872E+03	 6.234E+03	 4.992E+04	-2.326E+03	 3.349E+03	 3.019E+01
  584.1625	 1.046E+01	-1.282E+00	 2.623E-02	 4.617E+00	-4.869E-01	 0.000E+00	 1.174E-01	 1.787E+02	 1.157E+01	 1.122E+03	 2.962E-01	-5.178E-02	 0.000E+00	-2.842E+01	 2.249E+03	 2.296E+02	-3.169E+01	 7.163E+02	 1.019E+03	 8.201E+03	-1.031E+01	 2.892E+03	 2.710E+03	 2.166E+03	 5.672E+02	-3.666E+01	-3.461E+03	 2.712E+03	-5.533E+02	-2.341E+03	 5.726E+02	-4.066E+01	-6.872E+03	 6.223E+03	 4.995E+04	-2.338E+03	 3.348E+03	 3.019E+01
  584.1688	 1.046E+01	-1.280E+00	 2.667E-02	 4.620E+00	-4.847E-01	 0.000E+00	 1.167E-01	 1.791E+02	 1.157E+01	 1.122E+03	 2.964E-01	-5.177E-02	 0.000E+00	-3.082E+01	 2.251E+03	 2.298E+02	-3.055E+01	 7.162E+02	 9.986E+02	 8.208E+03	-1.016E+01	 2.894E+03	 2.724E+03	 2.156E+03	 5.675E+02	-3.686E+01	-3.461E+03	 2.712E+03	-5.504E+02	-2.353E+03	 5.729E+02	-4.022E+01	-6.872E+03	 6.210E+03	 4.999E+04	-2.350E+03	 3.348E+03	 3.019E+01
  584.1750	 1.046E+01	-1.278E+00	 2.712E-02	 4.622E+00	-4.825E-01	 0.000E+00	 1.160E-01	 1.796E+02	 1.157E+01	 1.122E+03	 2.966E-01	-5.177E-02	 0.000E+00	-3.324E+01	 2.252E+03	 2.300E+02	-2.940E+01	 7.161E+02	 9.780E+02	 8.215E+03	-1.003E+01	 2.895E+03	 2.738E+03	 2.146E+03	 5.677E+02	-3.708E+01	-3.461E+03	 2.713E+03	-5.472E+02	-2.363E+03	 5.733E+02	-3.975E+01	-6.872E+03	 6.197E+03	 5.002E+04	-2.361E+03	 3.348E+03	 3.019E+01
  584.1812	 1.046E+01	-1.276E+00	 2.756E-02	 4.624E+00	-4.802E-01	 0.000E+00	 1.153E-01	 1.800E+02	 1.157E+01	 1.122E+03	 2.968E-01	-5.176E-02	 0.000E+00	-3.571E+01	 2.252E+03	 2.302E+02	-2.824E+01	 7.160E+02	 9.572E+02	 8.222E+03	-9.892E+00	 2.896E+03	 2.751E+03	 2.134E+03	 5.679E+02	-3.732E+01	-3.461E+03	 2.714E+03	-5.436E+02	-2.373E+03	 5.737E+02	-3.924E+01	-6.872E+03	 6.182E+03	 5.005E+04	-2.371E+03	 3.347E+03	 3.019E+01
  584.1875	 1.045E+01	-1.274E+00	 2.800E-02	 4.625E+00	-4.777E-01	 0.000E+00	 1.146E-01	 1.804E+02	 1.157E+01	 1.122E+03	 2.970E-01	-5.175E-02	 0.000E+00	-3.822E+01	 2.253E+03	 2.305E+02	-2.708E+01	 7.159E+02	 9.362E+02	 8.230E+03	-9.746E+00	 2.897E+03	 2.764E+03	 2.122E+03	 5.681E+02	-3.756E+01	-3.461E+03	 2.715E+03	-5.395E+02	-2.383E+03	 5.742E+02	-3.870E+01	-6.871E+03	 6.166E+03	 5.009E+04	-2.380E+03	 3.347E+03	 3.019E+01
  584.1938	 1.045E+01	-1.272E+00	 2.845E-02	 4.626E+00	-4.752E-01	 0.000E+00	 1.139E-01	 1.809E+02	 1.157E+01	 1.122E+03	 2.972E-01	-5.174E-02	 0.000E+00	-4.077E+01	 2.253E+03	 2.307E+02	-2.591E+01	 7.157E+02	 9.149E+02	 8.238E+03	-9.597E+00	 2.898E+03	 2.776E+03	 2.110E+03	 5.682E+02	-3.782E+01	-3.461E+03	 2.715E+03	-5.351E+02	-2.391E+03	 5.748E+02	-3.815E+01	-6.871E+03	 6.150E+03	 5.013E+04	-2.389E+03	 3.347E+03	 3.018E+01
  584.2000	 1.045E+01	-1.270E+00	 2.889E-02	 4.626E+00	-4.726E-01	 0.000E+00	 1.132E-01	 1.813E+02	 1.157E+01	 1.122E+03	 2.974E-01	-5.173E-02	 0.000E+00	-4.337E+01	 2.253E+03	 2.310E+02	-2.474E+01	 7.156E+02	 8.932E+02	 8.245E+03	-9.385E+00	 2.899E+03	 2.788E+03	 2.096E+03	 5.683E+02	-3.807E+01	-3.460E+03	 2.716E+03	-5.302E+02	-2.400E+03	 5.753E+02	-3.758E+01	-6.871E+03	 6.133E+03	 5.016E+04	-2.397E+03	 3.347E+03	 3.018E+01
  584.2063	 1.045E+01	-1.268E+00	 2.933E-02	 4.626E+00	-4.699E-01	 0.000E+00	 1.124E-01	 1.817E+02	 1.156E+01	 1.122E+03	 2.976E-01	-5.172E-02	 0.000E+00	-4.602E+01	 2.252E+03	 2.313E+02	-2.355E+01	 7.155E+02	 8.714E+02	 8.253E+03	-9.169E+00	 2.900E+03	 2.799E+03	 2.082E+03	 5.684E+02	-3.832E+01	-3.460E+03	 2.717E+03	-5.250E+02	-2.407E+03	 5.759E+02	-3.701E+01	-6.871E+03	 6.116E+03	 5.020E+04	-2.404E+03	 3.346E+03	 3.018E+01
  584.2125	 1.045E+01	-1.266E+00	 2.978E-02	 4.625E+00	-4.671E-01	 0.000E+00	 1.117E-01	 1.822E+02	 1.156E+01	 1.122E+03	 2.977E-01	-5.170E-02	 0.000E+00	-4.870E+01	 2.251E+03	 2.317E+02	-2.237E+01	 7.153E+02	 8.492E+02	 8.261E+03	-8.944E+00	 2.901E+03	 2.810E+03	 2.068E+03	 5.684E+02	-3.857E+01	-3.460E+03	 2.718E+03	-5.195E+02	-2.413E+03	 5.766E+02	-3.645E+01	-6.871E+03	 6.099E+03	 5.024E+04	-2.411E+03	 3.346E+03	 3.018E+01
  584.2188	 1.045E+01	-1.264E+00	 3.022E-02	 4.623E+00	-4.643E-01	 0.000E+00	 1.110E-01	 1.826E+02	 1.156E+01	 1.122E+03	 2.979E-01	-5.169E-02	 0.000E+00	-5.143E+01	 2.250E+03	 2.320E+02	-2.117E+01	 7.152E+02	 8.266E+02	 8.269E+03	-8.697E+00	 2.901E+03	 2.819E+03	 2.052E+03	 5.684E+02	-3.881E+01	-3.460E+03	 2.719E+03	-5.133E+02	-2.419E+03	 5.772E+02	-3.590E+01	-6.871E+03	 6.082E+03	 5.028E+04	-2.416E+03	 3.346E+03	 3.018E+01
  584.2250	 1.045E+01	-1.262E+00	 3.066E-02	 4.621E+00	-4.613E-01	 0.000E+00	 1.103E-01	 1.831E+02	 1.156E+01	 1.122E+03	 2.981E-01	-5.167E-02	 0.000E+00	-5.421E+01	 2.248E+03	 2.324E+02	-1.997E+01	 7.150E+02	 8.038E+02	 8.276E+03	-8.427E+00	 2.902E+03	 2.828E+03	 2.035E+03	 5.684E+02	-3.903E+01	-3.460E+03	 2.720E+03	-5.066E+02	-2.424E+03	 5.779E+02	-3.536E+01	-6.870E+03	 6.065E+03	 5.031E+04	-2.421E+03	 3.346E+03	 3.018E+01
  584.2313	 1.044E+01	-1.260E+00	 3.111E-02	 4.618E+00	-4.582E-01	 0.000E+00	 1.096E-01	 1.835E+02	 1.156E+01	 1.122E+03	 2.983E-01	-5.165E-02	 0.000E+00	-5.702E+01	 2.246E+03	 2.327E+02	-1.875E+01	 7.149E+02	 7.805E+02	 8.283E+03	-8.139E+00	 2.903E+03	 2.836E+03	 2.018E+03	 5.683E+02	-3.923E+01	-3.460E+03	 2.722E+03	-4.987E+02	-2.428E+03	 5.786E+02	-3.485E+01	-6.870E+03	 6.049E+03	 5.035E+04	-2.425E+03	 3.345E+03	 3.018E+01
  584.2375	 1.044E+01	-1.258E+00	 3.155E-02	 4.615E+00	-4.551E-01	 0.000E+00	 1.089E-01	 1.839E+02	 1.156E+01	 1.121E+03	 2.984E-01	-5.163E-02	 0.000E+00	-5.989E+01	 2.244E+03	 2.330E+02	-1.753E+01	 7.147E+02	 7.569E+02	 8.290E+03	-7.824E+00	 2.904E+03	 2.843E+03	 2.001E+03	 5.682E+02	-3.942E+01	-3.459E+03	 2.723E+03	-4.902E+02	-2.431E+03	 5.793E+02	-3.437E+01	-6.870E+03	 6.034E+03	 5.039E+04	-2.428E+03	 3.345E+03	 3.017E+01
  584.2437	 1.044E+01	-1.256E+00	 3.199E-02	 4.612E+00	-4.518E-01	 0.000E+00	 1.082E-01	 1.844E+02	 1.156E+01	 1.121E+03	 2.986E-01	-5.161E-02	 0.000E+00	-6.280E+01	 2.242E+03	 2.333E+02	-1.630E+01	 7.145E+02	 7.329E+02	 8.296E+03	-7.492E+00	 2.905E+03	 2.848E+03	 1.984E+03	 5.681E+02	-3.959E+01	-3.459E+03	 2.724E+03	-4.805E+02	-2.434E+03	 5.801E+02	-3.392E+01	-6.870E+03	 6.019E+03	 5.043E+04	-2.432E+03	 3.345E+03	 3.017E+01
  584.2500	 1.044E+01	-1.254E+00	 3.244E-02	 4.608E+00	-4.485E-01	 0.000E+00	 1.075E-01	 1.848E+02	 1.156E+01	 1.121E+03	 2.988E-01	-5.159E-02	 0.000E+00	-6.576E+01	 2.240E+03	 2.336E+02	-1.506E+01	 7.144E+02	 7.086E+02	 8.301E+03	-7.136E+00	 2.905E+03	 2.852E+03	 1.966E+03	 5.679E+02	-3.973E+01	-3.459E+03	 2.725E+03	-4.697E+02	-2.437E+03	 5.808E+02	-3.352E+01	-6.870E+03	 6.006E+03	 5.047E+04	-2.434E+03	 3.345E+03	 3.017E+01
  584.2563	 1.044E+01	-1.250E+00	 3.271E-02	 4.604E+00	-4.451E-01	 0.000E+00	 1.068E-01	 1.852E+02	 1.156E+01	 1.121E+03	 2.990E-01	-5.157E-02	 0.000E+00	-6.877E+01	 2.238E+03	 2.339E+02	-1.381E+01	 7.142E+02	 6.839E+02	 8.306E+03	-6.757E+00	 2.906E+03	 2.854E+03	 1.948E+03	 5.676E+02	-3.984E+01	-3.459E+03	 2.726E+03	-4.578E+02	-2.439E+03	 5.815E+02	-3.316E+01	-6.869E+03	 5.993E+03	 5.051E+04	-2.437E+03	 3.345E+03	 3.017E+01
  584.2625	 1.044E+01	-1.247E+00	 3.298E-02	 4.600E+00	-4.416E-01	 0.000E+00	 1.061E-01	 1.857E+02	 1.156E+01	 1.121E+03	 2.991E-01	-5.154E-02	 0.000E+00	-7.183E+01	 2.235E+03	 2.342E+02	-1.255E+01	 7.140E+02	 6.589E+02	 8.310E+03	-6.354E+00	 2.907E+03	 2.856E+03	 1.930E+03	 5.674E+02	-3.993E+01	-3.459E+03	 2.727E+03	-4.449E+02	-2.441E+03	 5.823E+02	-3.285E+01	-6.869E+03	 5.981E+03	 5.054E+04	-2.439E+03	 3.344E+03	 3.017E+01
  584.2688	 1.043E+01	-1.243E+00	 3.325E-02	 4.595E+00	-4.381E-01	 0.000E+00	 1.054E-01	 1.861E+02	 1.156E+01	 1.121E+03	 2.993E-01	-5.152E-02	 0.000E+00	-7.494E+01	 2.232E+03	 2.344E+02	-1.128E+01	 7.138E+02	 6.335E+02	 8.312E+03	-5.919E+00	 2.907E+03	 2.855E+03	 1.912E+03	 5.671E+02	-3.998E+01	-3.458E+03	 2.728E+03	-4.304E+02	-2.443E+03	 5.830E+02	-3.258E+01	-6.869E+03	 5.971E+03	 5.058E+04	-2.440E+03	 3.344E+03	 3.017E+01
  584.2750	 1.043E+01	-1.239E+00	 3.353E-02	 4.590E+00	-4.344E-01	 0.000E+00	 1.047E-01	 1.865E+02	 1.156E+01	 1.121E+03	 2.994E-01	-5.149E-02	 0.000E+00	-7.812E+01	 2.230E+03	 2.345E+02	-1.001E+01	 7.135E+02	 6.078E+02	 8.314E+03	-5.480E+00	 2.908E+03	 2.853E+03	 1.893E+03	 5.668E+02	-4.001E+01	-3.458E+03	 2.729E+03	-4.146E+02	-2.444E+03	 5.837E+02	-3.238E+01	-6.869E+03	 5.962E+03	 5.062E+04	-2.441E+03	 3.344E+03	 3.017E+01
  584.2812	 1.043E+01	-1.236E+00	 3.380E-02	 4.585E+00	-4.308E-01	 0.000E+00	 1.040E-01	 1.870E+02	 1.156E+01	 1.121E+03	 2.996E-01	-5.146E-02	 0.000E+00	-8.134E+01	 2.227E+03	 2.346E+02	-8.722E+00	 7.133E+02	 5.817E+02	 8.314E+03	-5.036E+00	 2.908E+03	 2.850E+03	 1.875E+03	 5.664E+02	-4.000E+01	-3.458E+03	 2.730E+03	-3.970E+02	-2.444E+03	 5.843E+02	-3.222E+01	-6.869E+03	 5.954E+03	 5.065E+04	-2.442E+03	 3.344E+03	 3.016E+01
  584.2875	 1.043E+01	-1.232E+00	 3.407E-02	 4.580E+00	-4.270E-01	 0.000E+00	 1.033E-01	 1.874E+02	 1.156E+01	 1.121E+03	 2.998E-01	-5.144E-02	 0.000E+00	-8.462E+01	 2.224E+03	 2.347E+02	-7.431E+00	 7.131E+02	 5.554E+02	 8.313E+03	-4.572E+00	 2.909E+03	 2.844E+03	 1.857E+03	 5.661E+02	-3.997E+01	-3.458E+03	 2.731E+03	-3.784E+02	-2.444E+03	 5.849E+02	-3.212E+01	-6.868E+03	 5.948E+03	 5.068E+04	-2.441E+03	 3.344E+03	 3.016E+01
  584.2938	 1.043E+01	-1.229E+00	 3.434E-02	 4.575E+00	-4.232E-01	 0.000E+00	 1.026E-01	 1.878E+02	 1.156E+01	 1.121E+03	 2.999E-01	-5.141E-02	 0.000E+00	-8.794E+01	 2.221E+03	 2.348E+02	-6.129E+00	 7.129E+02	 5.288E+02	 8.311E+03	-4.092E+00	 2.909E+03	 2.837E+03	 1.839E+03	 5.657E+02	-3.990E+01	-3.458E+03	 2.732E+03	-3.579E+02	-2.445E+03	 5.855E+02	-3.208E+01	-6.868E+03	 5.943E+03	 5.071E+04	-2.442E+03	 3.343E+03	 3.016E+01
  584.3000	 1.043E+01	-1.225E+00	 3.462E-02	 4.569E+00	-4.194E-01	 0.000E+00	 1.019E-01	 1.883E+02	 1.156E+01	 1.121E+03	 3.001E-01	-5.137E-02	 0.000E+00	-9.132E+01	 2.218E+03	 2.347E+02	-4.818E+00	 7.126E+02	 5.018E+02	 8.308E+03	-3.604E+00	 2.909E+03	 2.828E+03	 1.821E+03	 5.653E+02	-3.980E+01	-3.457E+03	 2.733E+03	-3.358E+02	-2.444E+03	 5.860E+02	-3.208E+01	-6.868E+03	 5.939E+03	 5.074E+04	-2.441E+03	 3.343E+03	 3.016E+01
  584.3062	 1.043E+01	-1.222E+00	 3.489E-02	 4.564E+00	-4.155E-01	 0.000E+00	 1.012E-01	 1.887E+02	 1.156E+01	 1.121E+03	 3.002E-01	-5.134E-02	 0.000E+00	-9.475E+01	 2.216E+03	 2.347E+02	-3.503E+00	 7.123E+02	 4.747E+02	 8.304E+03	-3.112E+00	 2.909E+03	 2.818E+03	 1.804E+03	 5.648E+02	-3.968E+01	-3.457E+03	 2.734E+03	-3.124E+02	-2.444E+03	 5.864E+02	-3.214E+01	-6.868E+03	 5.937E+03	 5.077E+04	-2.441E+03	 3.343E+03	 3.016E+01
  584.3125	 1.042E+01	-1.218E+00	 3.516E-02	 4.559E+00	-4.116E-01	 0.000E+00	 1.005E-01	 1.891E+02	 1.156E+01	 1.121E+03	 3.004E-01	-5.131E-02	 0.000E+00	-9.824E+01	 2.213E+03	 2.345E+02	-2.182E+00	 7.121E+02	 4.473E+02	 8.298E+03	-2.619E+00	 2.909E+03	 2.806E+03	 1.786E+03	 5.644E+02	-3.952E+01	-3.457E+03	 2.735E+03	-2.878E+02	-2.442E+03	 5.867E+02	-3.225E+01	-6.868E+03	 5.936E+03	 5.079E+04	-2.439E+03	 3.343E+03	 3.016E+01
  584.3188	 1.042E+01	-1.214E+00	 3.543E-02	 4.554E+00	-4.076E-01	 0.000E+00	 9.981E-02	 1.896E+02	 1.156E+01	 1.121E+03	 3.005E-01	-5.127E-02	 0.000E+00	-1.018E+02	 2.210E+03	 2.344E+02	-8.519E-01	 7.118E+02	 4.196E+02	 8.291E+03	-2.116E+00	 2.909E+03	 2.793E+03	 1.769E+03	 5.640E+02	-3.935E+01	-3.457E+03	 2.735E+03	-2.616E+02	-2.441E+03	 5.870E+02	-3.240E+01	-6.867E+03	 5.935E+03	 5.081E+04	-2.438E+03	 3.343E+03	 3.016E+01
  584.3250	 1.042E+01	-1.211E+00	 3.571E-02	 4.548E+00	-4.036E-01	 0.000E+00	 9.911E-02	 1.900E+02	 1.156E+01	 1.121E+03	 3.007E-01	-5.124E-02	 0.000E+00	-1.053E+02	 2.207E+03	 2.342E+02	 4.846E-01	 7.115E+02	 3.918E+02	 8.283E+03	-1.617E+00	 2.908E+03	 2.779E+03	 1.752E+03	 5.636E+02	-3.915E+01	-3.457E+03	 2.736E+03	-2.340E+02	-2.439E+03	 5.871E+02	-3.259E+01	-6.867E+03	 5.936E+03	 5.083E+04	-2.436E+03	 3.342E+03	 3.016E+01
  584.3313	 1.042E+01	-1.207E+00	 3.598E-02	 4.543E+00	-3.996E-01	 0.000E+00	 9.842E-02	 1.904E+02	 1.156E+01	 1.121E+03	 3.008E-01	-5.120E-02	 0.000E+00	-1.089E+02	 2.205E+03	 2.339E+02	 1.825E+00	 7.112E+02	 3.638E+02	 8.274E+03	-1.105E+00	 2.908E+03	 2.763E+03	 1.736E+03	 5.633E+02	-3.893E+01	-3.456E+03	 2.736E+03	-2.055E+02	-2.438E+03	 5.872E+02	-3.282E+01	-6.867E+03	 5.938E+03	 5.085E+04	-2.435E+03	 3.342E+03	 3.015E+01
  584.3375	 1.042E+01	-1.204E+00	 3.625E-02	 4.538E+00	-3.956E-01	 0.000E+00	 9.772E-02	 1.909E+02	 1.156E+01	 1.121E+03	 3.010E-01	-5.116E-02	 0.000E+00	-1.126E+02	 2.202E+03	 2.336E+02	 3.174E+00	 7.109E+02	 3.355E+02	 8.264E+03	-5.968E-01	 2.907E+03	 2.746E+03	 1.720E+03	 5.629E+02	-3.870E+01	-3.456E+03	 2.736E+03	-1.753E+02	-2.436E+03	 5.871E+02	-3.308E+01	-6.867E+03	 5.941E+03	 5.086E+04	-2.433E+03	 3.342E+03	 3.015E+01
  584.3438	 1.042E+01	-1.200E+00	 3.652E-02	 4.533E+00	-3.915E-01	 0.000E+00	 9.703E-02	 1.913E+02	 1.156E+01	 1.121E+03	 3.011E-01	-5.113E-02	 0.000E+00	-1.163E+02	 2.199E+03	 2.333E+02	 4.527E+00	 7.105E+02	 3.071E+02	 8.253E+03	-1.097E-01	 2.907E+03	 2.728E+03	 1.704E+03	 5.626E+02	-3.845E+01	-3.456E+03	 2.737E+03	-1.441E+02	-2.434E+03	 5.869E+02	-3.336E+01	-6.867E+03	 5.944E+03	 5.087E+04	-2.431E+03	 3.342E+03	 3.015E+01
  584.3500	 1.042E+01	-1.196E+00	 3.680E-02	 4.529E+00	-3.874E-01	 0.000E+00	 9.634E-02	 1.917E+02	 1.156E+01	 1.121E+03	 3.013E-01	-5.109E-02	 0.000E+00	-1.200E+02	 2.197E+03	 2.329E+02	 5.886E+00	 7.102E+02	 2.786E+02	 8.241E+03	 3.838E-01	 2.906E+03	 2.709E+03	 1.690E+03	 5.623E+02	-3.819E+01	-3.456E+03	 2.737E+03	-1.117E+02	-2.432E+03	 5.866E+02	-3.367E+01	-6.866E+03	 5.947E+03	 5.087E+04	-2.429E+03	 3.342E+03	 3.015E+01
  584.3563	 1.041E+01	-1.193E+00	 3.707E-02	 4.524E+00	-3.833E-01	 0.000E+00	 9.564E-02	 1.922E+02	 1.156E+01	 1.121E+03	 3.014E-01	-5.105E-02	 0.000E+00	-1.238E+02	 2.194E+03	 2.325E+02	 7.249E+00	 7.098E+02	 2.498E+02	 8.228E+03	 8.802E-01	 2.905E+03	 2.688E+03	 1.676E+03	 5.620E+02	-3.793E+01	-3.456E+03	 2.736E+03	-7.796E+01	-2.430E+03	 5.861E+02	-3.399E+01	-6.866E+03	 5.951E+03	 5.087E+04	-2.427E+03	 3.341E+03	 3.015E+01
  584.3625	 1.041E+01	-1.189E+00	 3.734E-02	 4.519E+00	-3.792E-01	 0.000E+00	 9.495E-02	 1.926E+02	 1.156E+01	 1.121E+03	 3.016E-01	-5.101E-02	 0.000E+00	-1.276E+02	 2.192E+03	 2.320E+02	 8.618E+00	 7.095E+02	 2.209E+02	 8.214E+03	 1.363E+00	 2.904E+03	 2.667E+03	 1.662E+03	 5.617E+02	-3.766E+01	-3.455E+03	 2.736E+03	-4.315E+01	-2.427E+03	 5.856E+02	-3.432E+01	-6.866E+03	 5.955E+03	 5.087E+04	-2.424E+03	 3.341E+03	 3.015E+01
  584.3687	 1.041E+01	-1.186E+00	 3.762E-02	 4.515E+00	-3.751E-01	 0.000E+00	 9.426E-02	 1.930E+02	 1.155E+01	 1.121E+03	 3.017E-01	-5.097E-02	 0.000E+00	-1.314E+02	 2.189E+03	 2.315E+02	 9.986E+00	 7.091E+02	 1.920E+02	 8.200E+03	 1.811E+00	 2.902E+03	 2.646E+03	 1.649E+03	 5.616E+02	-3.740E+01	-3.455E+03	 2.736E+03	-8.323E+00	-2.426E+03	 5.849E+02	-3.464E+01	-6.866E+03	 5.960E+03	 5.086E+04	-2.423E+03	 3.341E+03	 3.015E+01
  584.3750	 1.041E+01	-1.182E+00	 3.789E-02	 4.511E+00	-3.709E-01	 0.000E+00	 9.357E-02	 1.935E+02	 1.155E+01	 1.121E+03	 3.018E-01	-5.092E-02	 0.000E+00	-1.353E+02	 2.188E+03	 2.309E+02	 1.137E+01	 7.087E+02	 1.627E+02	 8.182E+03	 2.354E+00	 2.901E+03	 2.621E+03	 1.636E+03	 5.613E+02	-3.713E+01	-3.455E+03	 2.736E+03	 3.004E+01	-2.422E+03	 5.841E+02	-3.498E+01	-6.866E+03	 5.964E+03	 5.085E+04	-2.420E+03	 3.341E+03	 3.015E+01
  584.3813	 1.041E+01	-1.179E+00	 3.816E-02	 4.507E+00	-3.668E-01	 0.000E+00	 9.288E-02	 1.939E+02	 1.155E+01	 1.121E+03	 3.020E-01	-5.088E-02	 0.000E+00	-1.392E+02	 2.186E+03	 2.303E+02	 1.274E+01	 7.083E+02	 1.335E+02	 8.165E+03	 2.834E+00	 2.900E+03	 2.598E+03	 1.623E+03	 5.612E+02	-3.687E+01	-3.455E+03	 2.736E+03	 6.710E+01	-2.420E+03	 5.832E+02	-3.530E+01	-6.865E+03	 5.967E+03	 5.084E+04	-2.417E+03	 3.341E+03	 3.015E+01
  584.3875	 1.041E+01	-1.175E+00	 3.843E-02	 4.503E+00	-3.626E-01	 0.000E+00	 9.219E-02	 1.943E+02	 1.155E+01	 1.121E+03	 3.021E-01	-5.084E-02	 0.000E+00	-1.432E+02	 2.184E+03	 2.297E+02	 1.412E+01	 7.078E+02	 1.042E+02	 8.147E+03	 3.340E+00	 2.898E+03	 2.574E+03	 1.611E+03	 5.610E+02	-3.662E+01	-3.455E+03	 2.735E+03	 1.055E+02	-2.417E+03	 5.821E+02	-3.560E+01	-6.865E+03	 5.971E+03	 5.082E+04	-2.414E+03	 3.340E+03	 3.014E+01
  584.3938	 1.040E+01	-1.171E+00	 3.871E-02	 4.499E+00	-3.585E-01	 0.000E+00	 9.150E-02	 1.948E+02	 1.155E+01	 1.121E+03	 3.022E-01	-5.080E-02	 0.000E+00	-1.472E+02	 2.182E+03	 2.290E+02	 1.550E+01	 7.074E+02	 7.473E+01	 8.129E+03	 3.831E+00	 2.896E+03	 2.549E+03	 1.600E+03	 5.610E+02	-3.638E+01	-3.454E+03	 2.735E+03	 1.443E+02	-2.413E+03	 5.810E+02	-3.589E+01	-6.865E+03	 5.974E+03	 5.080E+04	-2.411E+03	 3.340E+03	 3.014E+01
  584.4000	 1.040E+01	-1.168E+00	 3.898E-02	 4.496E+00	-3.543E-01	 0.000E+00	 9.081E-02	 1.952E+02	 1.155E+01	 1.121E+03	 3.024E-01	-5.075E-02	 0.000E+00	-1.512E+02	 2.180E+03	 2.283E+02	 1.689E+01	 7.070E+02	 4.524E+01	 8.110E+03	 4.329E+00	 2.895E+03	 2.524E+03	 1.589E+03	 5.609E+02	-3.615E+01	-3.454E+03	 2.734E+03	 1.836E+02	-2.410E+03	 5.797E+02	-3.615E+01	-6.865E+03	 5.976E+03	 5.078E+04	-2.407E+03	 3.340E+03	 3.014E+01
  584.4062	 1.040E+01	-1.164E+00	 3.925E-02	 4.492E+00	-3.501E-01	 0.000E+00	 9.013E-02	 1.956E+02	 1.155E+01	 1.121E+03	 3.025E-01	-5.071E-02	 0.000E+00	-1.553E+02	 2.179E+03	 2.276E+02	 1.826E+01	 7.065E+02	 1.571E+01	 8.091E+03	 4.840E+00	 2.893E+03	 2.499E+03	 1.578E+03	 5.609E+02	-3.593E+01	-3.454E+03	 2.734E+03	 2.230E+02	-2.407E+03	 5.784E+02	-3.639E+01	-6.865E+03	 5.977E+03	 5.075E+04	-2.404E+03	 3.340E+03	 3.014E+01
  584.4125	 1.040E+01	-1.161E+00	 3.952E-02	 4.489E+00	-3.460E-01	 0.000E+00	 8.944E-02	 1.961E+02	 1.155E+01	 1.121E+03	 3.026E-01	-5.066E-02	 0.000E+00	-1.594E+02	 2.177E+03	 2.269E+02	 1.964E+01	 7.060E+02	-1.388E+01	 8.071E+03	 5.363E+00	 2.891E+03	 2.474E+03	 1.567E+03	 5.610E+02	-3.574E+01	-3.454E+03	 2.733E+03	 2.626E+02	-2.403E+03	 5.769E+02	-3.659E+01	-6.864E+03	 5.977E+03	 5.072E+04	-2.400E+03	 3.339E+03	 3.014E+01
  584.4188	 1.040E+01	-1.157E+00	 3.980E-02	 4.486E+00	-3.418E-01	 0.000E+00	 8.876E-02	 1.965E+02	 1.155E+01	 1.121E+03	 3.028E-01	-5.062E-02	 0.000E+00	-1.635E+02	 2.176E+03	 2.261E+02	 2.102E+01	 7.056E+02	-4.346E+01	 8.051E+03	 5.868E+00	 2.889E+03	 2.449E+03	 1.557E+03	 5.610E+02	-3.557E+01	-3.454E+03	 2.733E+03	 3.021E+02	-2.399E+03	 5.754E+02	-3.675E+01	-6.864E+03	 5.977E+03	 5.069E+04	-2.396E+03	 3.339E+03	 3.014E+01
  584.4250	 1.040E+01	-1.154E+00	 4.007E-02	 4.483E+00	-3.376E-01	 0.000E+00	 8.807E-02	 1.969E+02	 1.155E+01	 1.121E+03	 3.029E-01	-5.058E-02	 0.000E+00	-1.677E+02	 2.174E+03	 2.254E+02	 2.239E+01	 7.051E+02	-7.303E+01	 8.032E+03	 6.396E+00	 2.887E+03	 2.424E+03	 1.546E+03	 5.612E+02	-3.542E+01	-3.453E+03	 2.733E+03	 3.413E+02	-2.395E+03	 5.738E+02	-3.687E+01	-6.864E+03	 5.975E+03	 5.066E+04	-2.392E+03	 3.339E+03	 3.014E+01
  584.4312	 1.040E+01	-1.150E+00	 4.034E-02	 4.480E+00	-3.334E-01	 0.000E+00	 8.739E-02	 1.974E+02	 1.155E+01	 1.121E+03	 3.030E-01	-5.053E-02	 0.000E+00	-1.719E+02	 2.173E+03	 2.247E+02	 2.375E+01	 7.046E+02	-1.026E+02	 8.012E+03	 6.927E+00	 2.885E+03	 2.400E+03	 1.537E+03	 5.613E+02	-3.529E+01	-3.453E+03	 2.732E+03	 3.802E+02	-2.391E+03	 5.721E+02	-3.694E+01	-6.864E+03	 5.972E+03	 5.062E+04	-2.388E+03	 3.339E+03	 3.014E+01
  584.4375	 1.039E+01	-1.146E+00	 4.061E-02	 4.478E+00	-3.293E-01	 0.000E+00	 8.670E-02	 1.978E+02	 1.155E+01	 1.121E+03	 3.032E-01	-5.049E-02	 0.000E+00	-1.762E+02	 2.172E+03	 2.239E+02	 2.511E+01	 7.041E+02	-1.320E+02	 7.993E+03	 7.466E+00	 2.883E+03	 2.376E+03	 1.527E+03	 5.615E+02	-3.519E+01	-3.453E+03	 2.732E+03	 4.185E+02	-2.387E+03	 5.704E+02	-3.697E+01	-6.864E+03	 5.967E+03	 5.058E+04	-2.384E+03	 3.338E+03	 3.013E+01
  584.4438	 1.039E+01	-1.143E+00	 4.089E-02	 4.475E+00	-3.251E-01	 0.000E+00	 8.602E-02	 1.982E+02	 1.155E+01	 1.121E+03	 3.033E-01	-5.044E-02	 0.000E+00	-1.804E+02	 2.170E+03	 2.233E+02	 2.646E+01	 7.035E+02	-1.613E+02	 7.975E+03	 7.958E+00	 2.881E+03	 2.355E+03	 1.518E+03	 5.618E+02	-3.512E+01	-3.453E+03	 2.731E+03	 4.548E+02	-2.384E+03	 5.686E+02	-3.694E+01	-6.864E+03	 5.962E+03	 5.054E+04	-2.381E+03	 3.338E+03	 3.013E+01
  584.4500	 1.039E+01	-1.139E+00	 4.116E-02	 4.473E+00	-3.210E-01	 0.000E+00	 8.534E-02	 1.987E+02	 1.155E+01	 1.121E+03	 3.034E-01	-5.039E-02	 0.000E+00	-1.847E+02	 2.169E+03	 2.225E+02	 2.781E+01	 7.030E+02	-1.908E+02	 7.955E+03	 8.545E+00	 2.879E+03	 2.331E+03	 1.509E+03	 5.620E+02	-3.506E+01	-3.453E+03	 2.731E+03	 4.930E+02	-2.379E+03	 5.669E+02	-3.688E+01	-6.863E+03	 5.955E+03	 5.051E+04	-2.376E+03	 3.338E+03	 3.013E+01
  584.4563	 1.039E+01	-1.136E+00	 4.143E-02	 4.471E+00	-3.168E-01	 0.000E+00	 8.465E-02	 1.991E+02	 1.155E+01	 1.120E+03	 3.035E-01	-5.035E-02	 0.000E+00	-1.890E+02	 2.168E+03	 2.219E+02	 2.915E+01	 7.025E+02	-2.201E+02	 7.937E+03	 9.064E+00	 2.878E+03	 2.310E+03	 1.499E+03	 5.622E+02	-3.503E+01	-3.453E+03	 2.731E+03	 5.284E+02	-2.375E+03	 5.651E+02	-3.676E+01	-6.863E+03	 5.946E+03	 5.047E+04	-2.372E+03	 3.338E+03	 3.013E+01
  584.4625	 1.039E+01	-1.132E+00	 4.170E-02	 4.469E+00	-3.127E-01	 0.000E+00	 8.397E-02	 1.995E+02	 1.155E+01	 1.120E+03	 3.036E-01	-5.030E-02	 0.000E+00	-1.934E+02	 2.167E+03	 2.212E+02	 3.048E+01	 7.019E+02	-2.493E+02	 7.919E+03	 9.612E+00	 2.876E+03	 2.290E+03	 1.489E+03	 5.625E+02	-3.503E+01	-3.453E+03	 2.731E+03	 5.634E+02	-2.370E+03	 5.634E+02	-3.659E+01	-6.863E+03	 5.937E+03	 5.043E+04	-2.367E+03	 3.337E+03	 3.013E+01
  584.4688	 1.039E+01	-1.129E+00	 4.198E-02	 4.467E+00	-3.085E-01	 0.000E+00	 8.329E-02	 2.000E+02	 1.155E+01	 1.120E+03	 3.038E-01	-5.026E-02	 0.000E+00	-1.978E+02	 2.166E+03	 2.206E+02	 3.181E+01	 7.014E+02	-2.784E+02	 7.902E+03	 1.016E+01	 2.874E+03	 2.270E+03	 1.479E+03	 5.628E+02	-3.505E+01	-3.452E+03	 2.731E+03	 5.976E+02	-2.365E+03	 5.616E+02	-3.638E+01	-6.863E+03	 5.926E+03	 5.039E+04	-2.362E+03	 3.337E+03	 3.013E+01
  584.4750	 1.039E+01	-1.125E+00	 4.225E-02	 4.465E+00	-3.044E-01	 0.000E+00	 8.261E-02	 2.004E+02	 1.155E+01	 1.120E+03	 3.039E-01	-5.021E-02	 0.000E+00	-2.022E+02	 2.165E+03	 2.200E+02	 3.313E+01	 7.009E+02	-3.074E+02	 7.886E+03	 1.071E+01	 2.872E+03	 2.250E+03	 1.470E+03	 5.630E+02	-3.510E+01	-3.452E+03	 2.731E+03	 6.307E+02	-2.360E+03	 5.600E+02	-3.612E+01	-6.863E+03	 5.913E+03	 5.036E+04	-2.357E+03	 3.337E+03	 3.013E+01
  584.4813	 1.038E+01	-1.121E+00	 4.252E-02	 4.463E+00	-3.003E-01	 0.000E+00	 8.193E-02	 2.008E+02	 1.155E+01	 1.120E+03	 3.040E-01	-5.017E-02	 0.000E+00	-2.066E+02	 2.164E+03	 2.194E+02	 3.444E+01	 7.003E+02	-3.363E+02	 7.870E+03	 1.128E+01	 2.871E+03	 2.232E+03	 1.459E+03	 5.633E+02	-3.516E+01	-3.452E+03	 2.731E+03	 6.626E+02	-2.355E+03	 5.584E+02	-3.582E+01	-6.863E+03	 5.900E+03	 5.032E+04	-2.352E+03	 3.336E+03	 3.013E+01
  584.4875	 1.038E+01	-1.118E+00	 4.279E-02	 4.462E+00	-2.963E-01	 0.000E+00	 8.125E-02	 2.013E+02	 1.155E+01	 1.120E+03	 3.041E-01	-5.012E-02	 0.000E+00	-2.110E+02	 2.163E+03	 2.188E+02	 3.574E+01	 6.998E+02	-3.650E+02	 7.855E+03	 1.181E+01	 2.869E+03	 2.214E+03	 1.448E+03	 5.635E+02	-3.525E+01	-3.452E+03	 2.731E+03	 6.932E+02	-2.348E+03	 5.569E+02	-3.547E+01	-6.863E+03	 5.886E+03	 5.029E+04	-2.346E+03	 3.336E+03	 3.013E+01
  584.4937	 1.038E+01	-1.114E+00	 4.307E-02	 4.460E+00	-2.922E-01	 0.000E+00	 8.058E-02	 2.017E+02	 1.155E+01	 1.120E+03	 3.042E-01	-5.008E-02	 0.000E+00	-2.154E+02	 2.162E+03	 2.183E+02	 3.704E+01	 6.992E+02	-3.936E+02	 7.841E+03	 1.234E+01	 2.868E+03	 2.197E+03	 1.436E+03	 5.637E+02	-3.535E+01	-3.452E+03	 2.732E+03	 7.225E+02	-2.342E+03	 5.555E+02	-3.510E+01	-6.863E+03	 5.870E+03	 5.026E+04	-2.339E+03	 3.336E+03	 3.012E+01
  584.5000	 1.038E+01	-1.111E+00	 4.334E-02	 4.459E+00	-2.882E-01	 0.000E+00	 7.990E-02	 2.021E+02	 1.154E+01	 1.120E+03	 3.043E-01	-5.003E-02	 0.000E+00	-2.199E+02	 2.161E+03	 2.178E+02	 3.833E+01	 6.987E+02	-4.220E+02	 7.828E+03	 1.287E+01	 2.866E+03	 2.181E+03	 1.424E+03	 5.639E+02	-3.546E+01	-3.452E+03	 2.732E+03	 7.507E+02	-2.335E+03	 5.542E+02	-3.468E+01	-6.863E+03	 5.854E+03	 5.023E+04	-2.332E+03	 3.335E+03	 3.012E+01
  584.5063	 1.038E+01	-1.109E+00	 4.509E-02	 4.458E+00	-2.841E-01	 0.000E+00	 7.922E-02	 2.025E+02	 1.154E+01	 1.120E+03	 3.044E-01	-4.999E-02	 0.000E+00	-2.243E+02	 2.160E+03	 2.173E+02	 3.961E+01	 6.981E+02	-4.502E+02	 7.816E+03	 1.340E+01	 2.865E+03	 2.166E+03	 1.411E+03	 5.640E+02	-3.559E+01	-3.452E+03	 2.733E+03	 7.772E+02	-2.327E+03	 5.530E+02	-3.425E+01	-6.863E+03	 5.837E+03	 5.021E+04	-2.324E+03	 3.335E+03	 3.012E+01
  584.5125	 1.037E+01	-1.107E+00	 4.684E-02	 4.456E+00	-2.802E-01	 0.000E+00	 7.855E-02	 2.030E+02	 1.154E+01	 1.120E+03	 3.045E-01	-4.995E-02	 0.000E+00	-2.288E+02	 2.160E+03	 2.169E+02	 4.088E+01	 6.976E+02	-4.783E+02	 7.804E+03	 1.392E+01	 2.864E+03	 2.151E+03	 1.398E+03	 5.641E+02	-3.573E+01	-3.452E+03	 2.733E+03	 8.023E+02	-2.319E+03	 5.520E+02	-3.378E+01	-6.863E+03	 5.819E+03	 5.019E+04	-2.316E+03	 3.335E+03	 3.012E+01
  584.5188	 1.037E+01	-1.105E+00	 4.858E-02	 4.455E+00	-2.762E-01	 0.000E+00	 7.787E-02	 2.034E+02	 1.154E+01	 1.120E+03	 3.046E-01	-4.990E-02	 0.000E+00	-2.332E+02	 2.159E+03	 2.165E+02	 4.214E+01	 6.970E+02	-5.061E+02	 7.794E+03	 1.445E+01	 2.863E+03	 2.138E+03	 1.384E+03	 5.642E+02	-3.587E+01	-3.453E+03	 2.734E+03	 8.258E+02	-2.311E+03	 5.511E+02	-3.330E+01	-6.863E+03	 5.801E+03	 5.017E+04	-2.308E+03	 3.334E+03	 3.012E+01
  584.5250	 1.037E+01	-1.102E+00	 5.033E-02	 4.454E+00	-2.723E-01	 0.000E+00	 7.720E-02	 2.038E+02	 1.154E+01	 1.120E+03	 3.047E-01	-4.986E-02	 0.000E+00	-2.377E+02	 2.158E+03	 2.162E+02	 4.339E+01	 6.965E+02	-5.336E+02	 7.786E+03	 1.496E+01	 2.862E+03	 2.125E+03	 1.370E+03	 5.642E+02	-3.602E+01	-3.453E+03	 2.735E+03	 8.474E+02	-2.302E+03	 5.504E+02	-3.280E+01	-6.863E+03	 5.782E+03	 5.016E+04	-2.299E+03	 3.334E+03	 3.012E+01
  584.5312	 1.037E+01	-1.100E+00	 5.208E-02	 4.453E+00	-2.684E-01	 0.000E+00	 7.652E-02	 2.043E+02	 1.154E+01	 1.120E+03	 3.048E-01	-4.982E-02	 0.000E+00	-2.421E+02	 2.158E+03	 2.159E+02	 4.462E+01	 6.960E+02	-5.609E+02	 7.778E+03	 1.548E+01	 2.861E+03	 2.114E+03	 1.355E+03	 5.642E+02	-3.618E+01	-3.453E+03	 2.736E+03	 8.675E+02	-2.293E+03	 5.498E+02	-3.229E+01	-6.864E+03	 5.763E+03	 5.016E+04	-2.290E+03	 3.334E+03	 3.012E+01
  584.5375	 1.036E+01	-1.098E+00	 5.383E-02	 4.452E+00	-2.645E-01	 0.000E+00	 7.585E-02	 2.047E+02	 1.154E+01	 1.120E+03	 3.049E-01	-4.977E-02	 0.000E+00	-2.466E+02	 2.157E+03	 2.157E+02	 4.585E+01	 6.954E+02	-5.879E+02	 7.772E+03	 1.599E+01	 2.861E+03	 2.103E+03	 1.339E+03	 5.641E+02	-3.634E+01	-3.453E+03	 2.738E+03	 8.860E+02	-2.284E+03	 5.494E+02	-3.177E+01	-6.864E+03	 5.744E+03	 5.015E+04	-2.281E+03	 3.333E+03	 3.011E+01
  584.5438	 1.036E+01	-1.096E+00	 5.557E-02	 4.451E+00	-2.607E-01	 0.000E+00	 7.517E-02	 2.051E+02	 1.154E+01	 1.120E+03	 3.050E-01	-4.973E-02	 0.000E+00	-2.510E+02	 2.156E+03	 2.155E+02	 4.707E+01	 6.949E+02	-6.147E+02	 7.767E+03	 1.649E+01	 2.860E+03	 2.094E+03	 1.323E+03	 5.640E+02	-3.649E+01	-3.453E+03	 2.739E+03	 9.028E+02	-2.275E+03	 5.491E+02	-3.126E+01	-6.864E+03	 5.725E+03	 5.015E+04	-2.272E+03	 3.333E+03	 3.011E+01
  584.5500	 1.036E+01	-1.094E+00	 5.732E-02	 4.450E+00	-2.569E-01	 0.000E+00	 7.450E-02	 2.056E+02	 1.154E+01	 1.120E+03	 3.050E-01	-4.969E-02	 0.000E+00	-2.554E+02	 2.156E+03	 2.153E+02	 4.828E+01	 6.943E+02	-6.412E+02	 7.763E+03	 1.700E+01	 2.860E+03	 2.086E+03	 1.305E+03	 5.639E+02	-3.664E+01	-3.453E+03	 2.740E+03	 9.176E+02	-2.265E+03	 5.490E+02	-3.075E+01	-6.864E+03	 5.706E+03	 5.016E+04	-2.262E+03	 3.332E+03	 3.011E+01
  584.5562	 1.036E+01	-1.092E+00	 5.907E-02	 4.449E+00	-2.532E-01	 0.000E+00	 7.383E-02	 2.060E+02	 1.154E+01	 1.119E+03	 3.051E-01	-4.965E-02	 0.000E+00	-2.597E+02	 2.155E+03	 2.153E+02	 4.948E+01	 6.938E+02	-6.674E+02	 7.761E+03	 1.751E+01	 2.860E+03	 2.078E+03	 1.288E+03	 5.637E+02	-3.678E+01	-3.454E+03	 2.741E+03	 9.308E+02	-2.255E+03	 5.491E+02	-3.025E+01	-6.864E+03	 5.688E+03	 5.017E+04	-2.252E+03	 3.332E+03	 3.011E+01
  584.5625	 1.035E+01	-1.090E+00	 6.082E-02	 4.449E+00	-2.495E-01	 0.000E+00	 7.316E-02	 2.064E+02	 1.154E+01	 1.119E+03	 3.052E-01	-4.961E-02	 0.000E+00	-2.641E+02	 2.155E+03	 2.152E+02	 5.067E+01	 6.933E+02	-6.934E+02	 7.760E+03	 1.804E+01	 2.859E+03	 2.072E+03	 1.270E+03	 5.634E+02	-3.692E+01	-3.454E+03	 2.743E+03	 9.419E+02	-2.245E+03	 5.493E+02	-2.976E+01	-6.865E+03	 5.670E+03	 5.018E+04	-2.242E+03	 3.332E+03	 3.011E+01
  584.5688	 1.035E+01	-1.088E+00	 6.257E-02	 4.448E+00	-2.458E-01	 0.000E+00	 7.249E-02	 2.069E+02	 1.154E+01	 1.119E+03	 3.053E-01	-4.957E-02	 0.000E+00	-2.684E+02	 2.154E+03	 2.153E+02	 5.185E+01	 6.927E+02	-7.190E+02	 7.761E+03	 1.856E+01	 2.859E+03	 2.067E+03	 1.250E+03	 5.631E+02	-3.704E+01	-3.454E+03	 2.744E+03	 9.514E+02	-2.235E+03	 5.497E+02	-2.930E+01	-6.865E+03	 5.652E+03	 5.020E+04	-2.232E+03	 3.331E+03	 3.011E+01
  584.5750	 1.035E+01	-1.086E+00	 6.431E-02	 4.447E+00	-2.422E-01	 0.000E+00	 7.182E-02	 2.073E+02	 1.154E+01	 1.119E+03	 3.053E-01	-4.953E-02	 0.000E+00	-2.726E+02	 2.154E+03	 2.154E+02	 5.302E+01	 6.922E+02	-7.444E+02	 7.763E+03	 1.907E+01	 2.859E+03	 2.064E+03	 1.230E+03	 5.628E+02	-3.715E+01	-3.454E+03	 2.746E+03	 9.587E+02	-2.225E+03	 5.503E+02	-2.886E+01	-6.865E+03	 5.636E+03	 5.022E+04	-2.222E+03	 3.331E+03	 3.011E+01
  584.5813	 1.035E+01	-1.084E+00	 6.606E-02	 4.446E+00	-2.387E-01	 0.000E+00	 7.115E-02	 2.077E+02	 1.154E+01	 1.119E+03	 3.054E-01	-4.949E-02	 0.000E+00	-2.768E+02	 2.153E+03	 2.155E+02	 5.418E+01	 6.917E+02	-7.695E+02	 7.766E+03	 1.958E+01	 2.859E+03	 2.061E+03	 1.209E+03	 5.625E+02	-3.724E+01	-3.455E+03	 2.747E+03	 9.643E+02	-2.214E+03	 5.510E+02	-2.844E+01	-6.866E+03	 5.620E+03	 5.025E+04	-2.211E+03	 3.331E+03	 3.010E+01
  584.5875	 1.034E+01	-1.082E+00	 6.781E-02	 4.446E+00	-2.352E-01	 0.000E+00	 7.048E-02	 2.082E+02	 1.154E+01	 1.119E+03	 3.055E-01	-4.945E-02	 0.000E+00	-2.809E+02	 2.153E+03	 2.157E+02	 5.533E+01	 6.911E+02	-7.943E+02	 7.771E+03	 2.007E+01	 2.859E+03	 2.060E+03	 1.187E+03	 5.621E+02	-3.731E+01	-3.455E+03	 2.748E+03	 9.677E+02	-2.203E+03	 5.518E+02	-2.806E+01	-6.866E+03	 5.604E+03	 5.028E+04	-2.200E+03	 3.330E+03	 3.010E+01
  584.5938	 1.034E+01	-1.080E+00	 6.956E-02	 4.445E+00	-2.317E-01	 0.000E+00	 6.981E-02	 2.086E+02	 1.154E+01	 1.119E+03	 3.055E-01	-4.941E-02	 0.000E+00	-2.850E+02	 2.153E+03	 2.159E+02	 5.648E+01	 6.906E+02	-8.188E+02	 7.777E+03	 2.058E+01	 2.860E+03	 2.059E+03	 1.164E+03	 5.618E+02	-3.737E+01	-3.456E+03	 2.750E+03	 9.695E+02	-2.192E+03	 5.527E+02	-2.772E+01	-6.866E+03	 5.590E+03	 5.031E+04	-2.189E+03	 3.330E+03	 3.010E+01
  584.6000	 1.034E+01	-1.078E+00	 7.131E-02	 4.444E+00	-2.283E-01	 0.000E+00	 6.915E-02	 2.090E+02	 1.154E+01	 1.119E+03	 3.056E-01	-4.937E-02	 0.000E+00	-2.890E+02	 2.152E+03	 2.162E+02	 5.761E+01	 6.900E+02	-8.429E+02	 7.785E+03	 2.109E+01	 2.860E+03	 2.060E+03	 1.140E+03	 5.614E+02	-3.741E+01	-3.456E+03	 2.751E+03	 9.690E+02	-2.181E+03	 5.537E+02	-2.741E+01	-6.867E+03	 5.577E+03	 5.034E+04	-2.178E+03	 3.329E+03	 3.010E+01
  584.6063	 1.033E+01	-1.076E+00	 7.305E-02	 4.444E+00	-2.250E-01	 0.000E+00	 6.848E-02	 2.095E+02	 1.154E+01	 1.119E+03	 3.057E-01	-4.933E-02	 0.000E+00	-2.929E+02	 2.152E+03	 2.166E+02	 5.874E+01	 6.895E+02	-8.668E+02	 7.795E+03	 2.161E+01	 2.860E+03	 2.063E+03	 1.116E+03	 5.610E+02	-3.742E+01	-3.456E+03	 2.752E+03	 9.666E+02	-2.170E+03	 5.549E+02	-2.714E+01	-6.867E+03	 5.566E+03	 5.038E+04	-2.167E+03	 3.329E+03	 3.010E+01
