  736.9188	 1.074E+01	-1.224E-02	 3.212E-01	 3.540E+00	-6.605E-01	 0.000E+00	 5.730E-02	 1.299E+02	 1.077E+01	 1.045E+03	 2.444E-01	 8.230E-02	 0.000E+00	 2.712E+02	 1.730E+03	 1.900E+02	-1.486E+02	 5.876E+02	 3.182E+03	 6.549E+03	-4.171E+01	 2.528E+03	-8.275E+00	 3.278E+03	 4.553E+02	 2.031E+02	-3.456E+03	 2.275E+03	 7.771E+02	-2.277E+03	 4.396E+02	 1.876E+02	-6.866E+03	-1.486E+04	 4.011E+04	-2.277E+03	 2.636E+03	 2.550E+01
  736.9250	 1.074E+01	-7.814E-03	 3.245E-01	 3.546E+00	-6.584E-01	 0.000E+00	 5.730E-02	 1.303E+02	 1.077E+01	 1.046E+03	 2.443E-01	 8.241E-02	 0.000E+00	 2.680E+02	 1.733E+03	 1.900E+02	-1.478E+02	 5.885E+02	 3.163E+03	 6.552E+03	-4.147E+01	 2.525E+03	 1.090E+01	 3.267E+03	 4.551E+02	 2.031E+02	-3.456E+03	 2.267E+03	 7.853E+02	-2.272E+03	 4.390E+02	 1.877E+02	-6.866E+03	-1.487E+04	 4.008E+04	-2.272E+03	 2.636E+03	 2.550E+01
  736.9313	 1.074E+01	-3.389E-03	 3.278E-01	 3.552E+00	-6.563E-01	 0.000E+00	 5.730E-02	 1.307E+02	 1.077E+01	 1.046E+03	 2.441E-01	 8.251E-02	 0.000E+00	 2.648E+02	 1.736E+03	 1.899E+02	-1.469E+02	 5.894E+02	 3.144E+03	 6.555E+03	-4.123E+01	 2.521E+03	 3.009E+01	 3.256E+03	 4.547E+02	 2.031E+02	-3.456E+03	 2.259E+03	 7.931E+02	-2.266E+03	 4.385E+02	 1.878E+02	-6.866E+03	-1.488E+04	 4.005E+04	-2.266E+03	 2.636E+03	 2.551E+01
  736.9375	 1.073E+01	 1.036E-03	 3.310E-01	 3.559E+00	-6.542E-01	 0.000E+00	 5.730E-02	 1.311E+02	 1.077E+01	 1.046E+03	 2.440E-01	 8.262E-02	 0.000E+00	 2.616E+02	 1.739E+03	 1.899E+02	-1.460E+02	 5.903E+02	 3.125E+03	 6.558E+03	-4.099E+01	 2.518E+03	 4.952E+01	 3.244E+03	 4.543E+02	 2.031E+02	-3.456E+03	 2.252E+03	 8.008E+02	-2.260E+03	 4.382E+02	 1.879E+02	-6.866E+03	-1.489E+04	 4.002E+04	-2.260E+03	 2.637E+03	 2.551E+01
  736.9438	 1.073E+01	 5.461E-03	 3.343E-01	 3.565E+00	-6.521E-01	 0.000E+00	 5.730E-02	 1.315E+02	 1.077E+01	 1.046E+03	 2.439E-01	 8.273E-02	 0.000E+00	 2.583E+02	 1.742E+03	 1.899E+02	-1.452E+02	 5.912E+02	 3.106E+03	 6.561E+03	-4.074E+01	 2.514E+03	 6.922E+01	 3.232E+03	 4.539E+02	 2.030E+02	-3.456E+03	 2.245E+03	 8.078E+02	-2.253E+03	 4.380E+02	 1.881E+02	-6.866E+03	-1.491E+04	 4.000E+04	-2.254E+03	 2.637E+03	 2.551E+01
  736.9500	 1.073E+01	 9.886E-03	 3.376E-01	 3.572E+00	-6.500E-01	 0.000E+00	 5.730E-02	 1.319E+02	 1.077E+01	 1.046E+03	 2.437E-01	 8.284E-02	 0.000E+00	 2.551E+02	 1.745E+03	 1.899E+02	-1.443E+02	 5.920E+02	 3.087E+03	 6.564E+03	-4.049E+01	 2.511E+03	 8.894E+01	 3.220E+03	 4.534E+02	 2.029E+02	-3.456E+03	 2.238E+03	 8.141E+02	-2.247E+03	 4.379E+02	 1.884E+02	-6.866E+03	-1.493E+04	 3.999E+04	-2.248E+03	 2.637E+03	 2.551E+01
  736.9563	 1.073E+01	 1.431E-02	 3.408E-01	 3.578E+00	-6.479E-01	 0.000E+00	 5.730E-02	 1.323E+02	 1.078E+01	 1.046E+03	 2.436E-01	 8.295E-02	 0.000E+00	 2.519E+02	 1.748E+03	 1.899E+02	-1.434E+02	 5.929E+02	 3.068E+03	 6.568E+03	-4.025E+01	 2.507E+03	 1.089E+02	 3.208E+03	 4.528E+02	 2.029E+02	-3.456E+03	 2.231E+03	 8.201E+02	-2.241E+03	 4.380E+02	 1.886E+02	-6.866E+03	-1.495E+04	 3.997E+04	-2.241E+03	 2.638E+03	 2.552E+01
  736.9625	 1.073E+01	 1.874E-02	 3.441E-01	 3.585E+00	-6.458E-01	 0.000E+00	 5.730E-02	 1.327E+02	 1.078E+01	 1.046E+03	 2.435E-01	 8.306E-02	 0.000E+00	 2.487E+02	 1.751E+03	 1.899E+02	-1.425E+02	 5.938E+02	 3.049E+03	 6.572E+03	-4.000E+01	 2.504E+03	 1.292E+02	 3.196E+03	 4.522E+02	 2.028E+02	-3.456E+03	 2.225E+03	 8.256E+02	-2.233E+03	 4.382E+02	 1.890E+02	-6.866E+03	-1.497E+04	 3.996E+04	-2.234E+03	 2.638E+03	 2.552E+01
  736.9688	 1.072E+01	 2.316E-02	 3.474E-01	 3.592E+00	-6.437E-01	 0.000E+00	 5.730E-02	 1.331E+02	 1.078E+01	 1.046E+03	 2.434E-01	 8.318E-02	 0.000E+00	 2.454E+02	 1.754E+03	 1.900E+02	-1.416E+02	 5.947E+02	 3.029E+03	 6.577E+03	-3.976E+01	 2.500E+03	 1.495E+02	 3.185E+03	 4.516E+02	 2.027E+02	-3.456E+03	 2.219E+03	 8.305E+02	-2.227E+03	 4.385E+02	 1.893E+02	-6.866E+03	-1.499E+04	 3.996E+04	-2.227E+03	 2.638E+03	 2.552E+01
  736.9750	 1.072E+01	 2.759E-02	 3.506E-01	 3.599E+00	-6.416E-01	 0.000E+00	 5.730E-02	 1.335E+02	 1.078E+01	 1.046E+03	 2.433E-01	 8.330E-02	 0.000E+00	 2.422E+02	 1.758E+03	 1.901E+02	-1.408E+02	 5.956E+02	 3.010E+03	 6.581E+03	-3.952E+01	 2.497E+03	 1.701E+02	 3.173E+03	 4.509E+02	 2.026E+02	-3.456E+03	 2.213E+03	 8.347E+02	-2.220E+03	 4.389E+02	 1.897E+02	-6.866E+03	-1.501E+04	 3.996E+04	-2.220E+03	 2.639E+03	 2.552E+01
  736.9813	 1.072E+01	 3.201E-02	 3.539E-01	 3.605E+00	-6.395E-01	 0.000E+00	 5.730E-02	 1.339E+02	 1.078E+01	 1.046E+03	 2.431E-01	 8.342E-02	 0.000E+00	 2.391E+02	 1.761E+03	 1.901E+02	-1.399E+02	 5.964E+02	 2.991E+03	 6.587E+03	-3.926E+01	 2.494E+03	 1.908E+02	 3.162E+03	 4.503E+02	 2.025E+02	-3.456E+03	 2.208E+03	 8.384E+02	-2.213E+03	 4.394E+02	 1.901E+02	-6.866E+03	-1.503E+04	 3.996E+04	-2.214E+03	 2.639E+03	 2.552E+01
  736.9875	 1.072E+01	 3.644E-02	 3.572E-01	 3.612E+00	-6.374E-01	 0.000E+00	 5.730E-02	 1.343E+02	 1.078E+01	 1.046E+03	 2.430E-01	 8.354E-02	 0.000E+00	 2.359E+02	 1.764E+03	 1.902E+02	-1.390E+02	 5.973E+02	 2.972E+03	 6.593E+03	-3.902E+01	 2.491E+03	 2.117E+02	 3.151E+03	 4.496E+02	 2.025E+02	-3.456E+03	 2.203E+03	 8.417E+02	-2.207E+03	 4.400E+02	 1.906E+02	-6.866E+03	-1.506E+04	 3.996E+04	-2.207E+03	 2.639E+03	 2.553E+01
  736.9938	 1.072E+01	 4.086E-02	 3.604E-01	 3.619E+00	-6.354E-01	 0.000E+00	 5.730E-02	 1.347E+02	 1.078E+01	 1.046E+03	 2.429E-01	 8.367E-02	 0.000E+00	 2.328E+02	 1.767E+03	 1.904E+02	-1.381E+02	 5.982E+02	 2.953E+03	 6.599E+03	-3.877E+01	 2.487E+03	 2.325E+02	 3.139E+03	 4.488E+02	 2.024E+02	-3.457E+03	 2.198E+03	 8.447E+02	-2.200E+03	 4.407E+02	 1.910E+02	-6.866E+03	-1.508E+04	 3.997E+04	-2.200E+03	 2.640E+03	 2.553E+01
  737.0000	 1.071E+01	 4.529E-02	 3.637E-01	 3.626E+00	-6.333E-01	 0.000E+00	 5.730E-02	 1.351E+02	 1.078E+01	 1.046E+03	 2.428E-01	 8.379E-02	 0.000E+00	 2.296E+02	 1.770E+03	 1.905E+02	-1.372E+02	 5.991E+02	 2.933E+03	 6.606E+03	-3.853E+01	 2.485E+03	 2.540E+02	 3.129E+03	 4.481E+02	 2.024E+02	-3.457E+03	 2.194E+03	 8.468E+02	-2.193E+03	 4.414E+02	 1.915E+02	-6.866E+03	-1.511E+04	 3.998E+04	-2.194E+03	 2.640E+03	 2.553E+01
  737.0063	 1.071E+01	 4.912E-02	 3.624E-01	 3.633E+00	-6.313E-01	 0.000E+00	 5.730E-02	 1.355E+02	 1.078E+01	 1.046E+03	 2.427E-01	 8.392E-02	 0.000E+00	 2.265E+02	 1.773E+03	 1.907E+02	-1.363E+02	 5.999E+02	 2.914E+03	 6.613E+03	-3.830E+01	 2.482E+03	 2.759E+02	 3.119E+03	 4.474E+02	 2.023E+02	-3.457E+03	 2.190E+03	 8.482E+02	-2.187E+03	 4.422E+02	 1.920E+02	-6.867E+03	-1.514E+04	 3.999E+04	-2.187E+03	 2.640E+03	 2.553E+01
  737.0125	 1.072E+01	 5.295E-02	 3.610E-01	 3.639E+00	-6.292E-01	 0.000E+00	 5.730E-02	 1.359E+02	 1.078E+01	 1.046E+03	 2.427E-01	 8.405E-02	 0.000E+00	 2.234E+02	 1.776E+03	 1.908E+02	-1.354E+02	 6.008E+02	 2.895E+03	 6.621E+03	-3.805E+01	 2.479E+03	 2.978E+02	 3.109E+03	 4.467E+02	 2.023E+02	-3.457E+03	 2.187E+03	 8.493E+02	-2.180E+03	 4.430E+02	 1.924E+02	-6.867E+03	-1.516E+04	 4.000E+04	-2.181E+03	 2.640E+03	 2.553E+01
  737.0188	 1.072E+01	 5.678E-02	 3.596E-01	 3.646E+00	-6.272E-01	 0.000E+00	 5.730E-02	 1.363E+02	 1.078E+01	 1.046E+03	 2.426E-01	 8.418E-02	 0.000E+00	 2.203E+02	 1.780E+03	 1.910E+02	-1.345E+02	 6.017E+02	 2.876E+03	 6.629E+03	-3.780E+01	 2.477E+03	 3.204E+02	 3.100E+03	 4.461E+02	 2.023E+02	-3.457E+03	 2.184E+03	 8.496E+02	-2.174E+03	 4.438E+02	 1.929E+02	-6.867E+03	-1.519E+04	 4.001E+04	-2.174E+03	 2.640E+03	 2.554E+01
  737.0250	 1.072E+01	 6.062E-02	 3.583E-01	 3.653E+00	-6.252E-01	 0.000E+00	 5.730E-02	 1.367E+02	 1.078E+01	 1.046E+03	 2.425E-01	 8.432E-02	 0.000E+00	 2.173E+02	 1.783E+03	 1.913E+02	-1.336E+02	 6.025E+02	 2.857E+03	 6.638E+03	-3.757E+01	 2.475E+03	 3.434E+02	 3.090E+03	 4.454E+02	 2.024E+02	-3.457E+03	 2.182E+03	 8.500E+02	-2.167E+03	 4.446E+02	 1.934E+02	-6.867E+03	-1.522E+04	 4.002E+04	-2.167E+03	 2.641E+03	 2.554E+01
  737.0312	 1.072E+01	 6.445E-02	 3.569E-01	 3.660E+00	-6.232E-01	 0.000E+00	 5.730E-02	 1.371E+02	 1.078E+01	 1.046E+03	 2.424E-01	 8.445E-02	 0.000E+00	 2.142E+02	 1.786E+03	 1.915E+02	-1.327E+02	 6.034E+02	 2.838E+03	 6.648E+03	-3.736E+01	 2.473E+03	 3.673E+02	 3.082E+03	 4.448E+02	 2.024E+02	-3.457E+03	 2.180E+03	 8.491E+02	-2.160E+03	 4.454E+02	 1.938E+02	-6.867E+03	-1.524E+04	 4.004E+04	-2.161E+03	 2.641E+03	 2.554E+01
  737.0375	 1.073E+01	 6.828E-02	 3.555E-01	 3.667E+00	-6.212E-01	 0.000E+00	 5.730E-02	 1.375E+02	 1.078E+01	 1.046E+03	 2.423E-01	 8.459E-02	 0.000E+00	 2.111E+02	 1.789E+03	 1.918E+02	-1.317E+02	 6.043E+02	 2.819E+03	 6.658E+03	-3.715E+01	 2.472E+03	 3.916E+02	 3.072E+03	 4.442E+02	 2.025E+02	-3.458E+03	 2.179E+03	 8.483E+02	-2.153E+03	 4.462E+02	 1.942E+02	-6.867E+03	-1.527E+04	 4.005E+04	-2.154E+03	 2.641E+03	 2.554E+01
  737.0438	 1.073E+01	 7.211E-02	 3.542E-01	 3.674E+00	-6.192E-01	 0.000E+00	 5.730E-02	 1.380E+02	 1.078E+01	 1.046E+03	 2.423E-01	 8.473E-02	 0.000E+00	 2.081E+02	 1.792E+03	 1.920E+02	-1.308E+02	 6.051E+02	 2.800E+03	 6.668E+03	-3.693E+01	 2.471E+03	 4.166E+02	 3.063E+03	 4.436E+02	 2.026E+02	-3.458E+03	 2.178E+03	 8.471E+02	-2.146E+03	 4.469E+02	 1.947E+02	-6.868E+03	-1.530E+04	 4.006E+04	-2.146E+03	 2.641E+03	 2.554E+01
  737.0500	 1.073E+01	 7.594E-02	 3.528E-01	 3.681E+00	-6.173E-01	 0.000E+00	 5.730E-02	 1.384E+02	 1.078E+01	 1.046E+03	 2.422E-01	 8.487E-02	 0.000E+00	 2.051E+02	 1.796E+03	 1.924E+02	-1.299E+02	 6.059E+02	 2.781E+03	 6.679E+03	-3.674E+01	 2.470E+03	 4.421E+02	 3.054E+03	 4.431E+02	 2.028E+02	-3.458E+03	 2.178E+03	 8.455E+02	-2.138E+03	 4.476E+02	 1.951E+02	-6.868E+03	-1.532E+04	 4.008E+04	-2.139E+03	 2.641E+03	 2.555E+01
  737.0563	 1.073E+01	 7.978E-02	 3.514E-01	 3.687E+00	-6.153E-01	 0.000E+00	 5.730E-02	 1.388E+02	 1.078E+01	 1.046E+03	 2.421E-01	 8.502E-02	 0.000E+00	 2.020E+02	 1.799E+03	 1.927E+02	-1.290E+02	 6.068E+02	 2.762E+03	 6.691E+03	-3.654E+01	 2.469E+03	 4.684E+02	 3.045E+03	 4.427E+02	 2.030E+02	-3.458E+03	 2.178E+03	 8.437E+02	-2.130E+03	 4.482E+02	 1.954E+02	-6.868E+03	-1.535E+04	 4.009E+04	-2.130E+03	 2.642E+03	 2.555E+01
  737.0625	 1.073E+01	 8.361E-02	 3.501E-01	 3.694E+00	-6.134E-01	 0.000E+00	 5.730E-02	 1.392E+02	 1.078E+01	 1.046E+03	 2.421E-01	 8.516E-02	 0.000E+00	 1.990E+02	 1.802E+03	 1.930E+02	-1.281E+02	 6.076E+02	 2.743E+03	 6.704E+03	-3.636E+01	 2.468E+03	 4.954E+02	 3.036E+03	 4.423E+02	 2.032E+02	-3.458E+03	 2.179E+03	 8.414E+02	-2.122E+03	 4.488E+02	 1.958E+02	-6.868E+03	-1.538E+04	 4.010E+04	-2.122E+03	 2.642E+03	 2.555E+01
  737.0688	 1.074E+01	 8.744E-02	 3.487E-01	 3.701E+00	-6.114E-01	 0.000E+00	 5.730E-02	 1.396E+02	 1.078E+01	 1.046E+03	 2.420E-01	 8.531E-02	 0.000E+00	 1.960E+02	 1.805E+03	 1.934E+02	-1.272E+02	 6.084E+02	 2.725E+03	 6.717E+03	-3.620E+01	 2.468E+03	 5.234E+02	 3.027E+03	 4.420E+02	 2.034E+02	-3.459E+03	 2.180E+03	 8.385E+02	-2.113E+03	 4.493E+02	 1.961E+02	-6.868E+03	-1.540E+04	 4.010E+04	-2.114E+03	 2.642E+03	 2.555E+01
  737.0750	 1.074E+01	 9.127E-02	 3.474E-01	 3.708E+00	-6.095E-01	 0.000E+00	 5.730E-02	 1.400E+02	 1.078E+01	 1.046E+03	 2.420E-01	 8.545E-02	 0.000E+00	 1.930E+02	 1.808E+03	 1.938E+02	-1.263E+02	 6.092E+02	 2.706E+03	 6.731E+03	-3.601E+01	 2.468E+03	 5.520E+02	 3.018E+03	 4.417E+02	 2.037E+02	-3.459E+03	 2.182E+03	 8.356E+02	-2.104E+03	 4.497E+02	 1.965E+02	-6.869E+03	-1.543E+04	 4.011E+04	-2.104E+03	 2.642E+03	 2.555E+01
  737.0813	 1.074E+01	 9.510E-02	 3.460E-01	 3.714E+00	-6.076E-01	 0.000E+00	 5.730E-02	 1.404E+02	 1.078E+01	 1.046E+03	 2.419E-01	 8.560E-02	 0.000E+00	 1.900E+02	 1.811E+03	 1.943E+02	-1.253E+02	 6.100E+02	 2.687E+03	 6.745E+03	-3.582E+01	 2.469E+03	 5.812E+02	 3.009E+03	 4.415E+02	 2.040E+02	-3.459E+03	 2.184E+03	 8.324E+02	-2.094E+03	 4.500E+02	 1.967E+02	-6.869E+03	-1.545E+04	 4.011E+04	-2.095E+03	 2.642E+03	 2.556E+01
  737.0875	 1.074E+01	 9.894E-02	 3.446E-01	 3.721E+00	-6.056E-01	 0.000E+00	 5.730E-02	 1.408E+02	 1.078E+01	 1.046E+03	 2.419E-01	 8.576E-02	 0.000E+00	 1.870E+02	 1.814E+03	 1.947E+02	-1.244E+02	 6.108E+02	 2.669E+03	 6.760E+03	-3.563E+01	 2.470E+03	 6.109E+02	 3.000E+03	 4.414E+02	 2.044E+02	-3.459E+03	 2.186E+03	 8.292E+02	-2.085E+03	 4.503E+02	 1.970E+02	-6.869E+03	-1.548E+04	 4.012E+04	-2.085E+03	 2.642E+03	 2.556E+01
  737.0938	 1.074E+01	 1.028E-01	 3.433E-01	 3.728E+00	-6.037E-01	 0.000E+00	 5.730E-02	 1.412E+02	 1.078E+01	 1.046E+03	 2.419E-01	 8.591E-02	 0.000E+00	 1.840E+02	 1.817E+03	 1.952E+02	-1.235E+02	 6.115E+02	 2.650E+03	 6.775E+03	-3.544E+01	 2.471E+03	 6.410E+02	 2.990E+03	 4.413E+02	 2.048E+02	-3.460E+03	 2.189E+03	 8.260E+02	-2.075E+03	 4.504E+02	 1.973E+02	-6.869E+03	-1.550E+04	 4.012E+04	-2.075E+03	 2.643E+03	 2.556E+01
  737.1000	 1.075E+01	 1.066E-01	 3.419E-01	 3.734E+00	-6.018E-01	 0.000E+00	 5.730E-02	 1.416E+02	 1.078E+01	 1.046E+03	 2.418E-01	 8.606E-02	 0.000E+00	 1.810E+02	 1.820E+03	 1.957E+02	-1.226E+02	 6.123E+02	 2.632E+03	 6.791E+03	-3.524E+01	 2.472E+03	 6.713E+02	 2.980E+03	 4.413E+02	 2.051E+02	-3.460E+03	 2.193E+03	 8.228E+02	-2.065E+03	 4.505E+02	 1.975E+02	-6.870E+03	-1.553E+04	 4.012E+04	-2.065E+03	 2.643E+03	 2.556E+01
  737.1063	 1.075E+01	 1.104E-01	 3.405E-01	 3.741E+00	-5.999E-01	 0.000E+00	 5.730E-02	 1.420E+02	 1.078E+01	 1.046E+03	 2.418E-01	 8.622E-02	 0.000E+00	 1.781E+02	 1.823E+03	 1.962E+02	-1.217E+02	 6.131E+02	 2.614E+03	 6.807E+03	-3.504E+01	 2.473E+03	 7.024E+02	 2.970E+03	 4.414E+02	 2.056E+02	-3.460E+03	 2.196E+03	 8.195E+02	-2.054E+03	 4.505E+02	 1.978E+02	-6.870E+03	-1.555E+04	 4.011E+04	-2.055E+03	 2.643E+03	 2.556E+01
  737.1125	 1.075E+01	 1.143E-01	 3.392E-01	 3.748E+00	-5.980E-01	 0.000E+00	 5.730E-02	 1.424E+02	 1.078E+01	 1.046E+03	 2.418E-01	 8.638E-02	 0.000E+00	 1.751E+02	 1.826E+03	 1.967E+02	-1.208E+02	 6.138E+02	 2.595E+03	 6.824E+03	-3.484E+01	 2.475E+03	 7.339E+02	 2.959E+03	 4.415E+02	 2.060E+02	-3.460E+03	 2.200E+03	 8.163E+02	-2.043E+03	 4.503E+02	 1.980E+02	-6.870E+03	-1.558E+04	 4.011E+04	-2.043E+03	 2.643E+03	 2.556E+01
  737.1188	 1.075E+01	 1.181E-01	 3.378E-01	 3.754E+00	-5.962E-01	 0.000E+00	 5.730E-02	 1.428E+02	 1.078E+01	 1.046E+03	 2.418E-01	 8.654E-02	 0.000E+00	 1.721E+02	 1.830E+03	 1.972E+02	-1.199E+02	 6.145E+02	 2.577E+03	 6.841E+03	-3.463E+01	 2.477E+03	 7.656E+02	 2.948E+03	 4.417E+02	 2.064E+02	-3.460E+03	 2.204E+03	 8.132E+02	-2.032E+03	 4.501E+02	 1.982E+02	-6.870E+03	-1.560E+04	 4.010E+04	-2.032E+03	 2.643E+03	 2.557E+01
  737.1250	 1.075E+01	 1.219E-01	 3.365E-01	 3.761E+00	-5.943E-01	 0.000E+00	 5.730E-02	 1.432E+02	 1.079E+01	 1.046E+03	 2.418E-01	 8.670E-02	 0.000E+00	 1.692E+02	 1.833E+03	 1.978E+02	-1.189E+02	 6.153E+02	 2.559E+03	 6.858E+03	-3.442E+01	 2.479E+03	 7.977E+02	 2.936E+03	 4.419E+02	 2.069E+02	-3.461E+03	 2.209E+03	 8.102E+02	-2.020E+03	 4.498E+02	 1.984E+02	-6.870E+03	-1.563E+04	 4.009E+04	-2.020E+03	 2.643E+03	 2.557E+01
  737.1313	 1.076E+01	 1.258E-01	 3.351E-01	 3.768E+00	-5.925E-01	 0.000E+00	 5.730E-02	 1.436E+02	 1.079E+01	 1.046E+03	 2.418E-01	 8.686E-02	 0.000E+00	 1.663E+02	 1.836E+03	 1.983E+02	-1.180E+02	 6.160E+02	 2.541E+03	 6.876E+03	-3.418E+01	 2.482E+03	 8.300E+02	 2.923E+03	 4.422E+02	 2.074E+02	-3.461E+03	 2.213E+03	 8.074E+02	-2.008E+03	 4.495E+02	 1.986E+02	-6.871E+03	-1.565E+04	 4.008E+04	-2.008E+03	 2.643E+03	 2.557E+01
  737.1375	 1.076E+01	 1.296E-01	 3.337E-01	 3.774E+00	-5.906E-01	 0.000E+00	 5.730E-02	 1.440E+02	 1.079E+01	 1.046E+03	 2.418E-01	 8.702E-02	 0.000E+00	 1.634E+02	 1.839E+03	 1.989E+02	-1.171E+02	 6.167E+02	 2.523E+03	 6.894E+03	-3.400E+01	 2.484E+03	 8.628E+02	 2.910E+03	 4.425E+02	 2.078E+02	-3.461E+03	 2.218E+03	 8.045E+02	-1.995E+03	 4.490E+02	 1.989E+02	-6.871E+03	-1.568E+04	 4.007E+04	-1.995E+03	 2.644E+03	 2.557E+01
  737.1438	 1.076E+01	 1.334E-01	 3.324E-01	 3.781E+00	-5.888E-01	 0.000E+00	 5.730E-02	 1.444E+02	 1.079E+01	 1.046E+03	 2.418E-01	 8.719E-02	 0.000E+00	 1.605E+02	 1.842E+03	 1.995E+02	-1.162E+02	 6.174E+02	 2.505E+03	 6.912E+03	-3.378E+01	 2.487E+03	 8.951E+02	 2.897E+03	 4.429E+02	 2.083E+02	-3.461E+03	 2.223E+03	 8.022E+02	-1.982E+03	 4.485E+02	 1.991E+02	-6.871E+03	-1.571E+04	 4.006E+04	-1.982E+03	 2.644E+03	 2.557E+01
  737.1500	 1.076E+01	 1.373E-01	 3.310E-01	 3.788E+00	-5.870E-01	 0.000E+00	 5.730E-02	 1.448E+02	 1.079E+01	 1.046E+03	 2.418E-01	 8.735E-02	 0.000E+00	 1.576E+02	 1.845E+03	 2.000E+02	-1.153E+02	 6.181E+02	 2.486E+03	 6.930E+03	-3.356E+01	 2.489E+03	 9.277E+02	 2.883E+03	 4.433E+02	 2.088E+02	-3.462E+03	 2.228E+03	 7.999E+02	-1.969E+03	 4.480E+02	 1.993E+02	-6.871E+03	-1.573E+04	 4.004E+04	-1.969E+03	 2.644E+03	 2.557E+01
  737.1562	 1.077E+01	 1.411E-01	 3.296E-01	 3.795E+00	-5.852E-01	 0.000E+00	 5.730E-02	 1.452E+02	 1.079E+01	 1.046E+03	 2.418E-01	 8.752E-02	 0.000E+00	 1.548E+02	 1.849E+03	 2.006E+02	-1.143E+02	 6.187E+02	 2.468E+03	 6.948E+03	-3.338E+01	 2.492E+03	 9.603E+02	 2.868E+03	 4.438E+02	 2.093E+02	-3.462E+03	 2.233E+03	 7.976E+02	-1.956E+03	 4.474E+02	 1.996E+02	-6.872E+03	-1.576E+04	 4.003E+04	-1.956E+03	 2.644E+03	 2.558E+01
  737.1625	 1.077E+01	 1.449E-01	 3.283E-01	 3.801E+00	-5.834E-01	 0.000E+00	 5.730E-02	 1.456E+02	 1.079E+01	 1.046E+03	 2.418E-01	 8.769E-02	 0.000E+00	 1.520E+02	 1.852E+03	 2.011E+02	-1.134E+02	 6.194E+02	 2.450E+03	 6.967E+03	-3.317E+01	 2.495E+03	 9.925E+02	 2.853E+03	 4.443E+02	 2.097E+02	-3.462E+03	 2.238E+03	 7.960E+02	-1.942E+03	 4.467E+02	 1.999E+02	-6.872E+03	-1.579E+04	 4.001E+04	-1.943E+03	 2.644E+03	 2.558E+01
  737.1688	 1.077E+01	 1.488E-01	 3.269E-01	 3.808E+00	-5.817E-01	 0.000E+00	 5.730E-02	 1.460E+02	 1.079E+01	 1.046E+03	 2.418E-01	 8.786E-02	 0.000E+00	 1.492E+02	 1.855E+03	 2.017E+02	-1.125E+02	 6.201E+02	 2.432E+03	 6.985E+03	-3.296E+01	 2.498E+03	 1.025E+03	 2.838E+03	 4.448E+02	 2.102E+02	-3.462E+03	 2.243E+03	 7.942E+02	-1.929E+03	 4.461E+02	 2.002E+02	-6.872E+03	-1.582E+04	 4.000E+04	-1.929E+03	 2.645E+03	 2.558E+01
  737.1750	 1.077E+01	 1.526E-01	 3.255E-01	 3.815E+00	-5.799E-01	 0.000E+00	 5.730E-02	 1.464E+02	 1.079E+01	 1.046E+03	 2.418E-01	 8.803E-02	 0.000E+00	 1.464E+02	 1.859E+03	 2.023E+02	-1.116E+02	 6.207E+02	 2.414E+03	 7.003E+03	-3.275E+01	 2.501E+03	 1.057E+03	 2.821E+03	 4.453E+02	 2.106E+02	-3.463E+03	 2.248E+03	 7.928E+02	-1.915E+03	 4.454E+02	 2.005E+02	-6.872E+03	-1.585E+04	 3.998E+04	-1.915E+03	 2.645E+03	 2.558E+01
  737.1813	 1.077E+01	 1.564E-01	 3.242E-01	 3.822E+00	-5.782E-01	 0.000E+00	 5.730E-02	 1.469E+02	 1.079E+01	 1.046E+03	 2.419E-01	 8.820E-02	 0.000E+00	 1.437E+02	 1.862E+03	 2.028E+02	-1.106E+02	 6.214E+02	 2.397E+03	 7.021E+03	-3.254E+01	 2.504E+03	 1.089E+03	 2.804E+03	 4.458E+02	 2.111E+02	-3.463E+03	 2.253E+03	 7.915E+02	-1.901E+03	 4.447E+02	 2.009E+02	-6.873E+03	-1.588E+04	 3.997E+04	-1.901E+03	 2.645E+03	 2.558E+01
  737.1875	 1.078E+01	 1.602E-01	 3.228E-01	 3.829E+00	-5.765E-01	 0.000E+00	 5.730E-02	 1.473E+02	 1.079E+01	 1.046E+03	 2.419E-01	 8.838E-02	 0.000E+00	 1.410E+02	 1.865E+03	 2.033E+02	-1.097E+02	 6.220E+02	 2.379E+03	 7.039E+03	-3.232E+01	 2.507E+03	 1.120E+03	 2.787E+03	 4.463E+02	 2.115E+02	-3.463E+03	 2.258E+03	 7.903E+02	-1.887E+03	 4.440E+02	 2.013E+02	-6.873E+03	-1.591E+04	 3.995E+04	-1.887E+03	 2.645E+03	 2.558E+01
  737.1938	 1.078E+01	 1.641E-01	 3.215E-01	 3.836E+00	-5.748E-01	 0.000E+00	 5.730E-02	 1.477E+02	 1.079E+01	 1.046E+03	 2.419E-01	 8.855E-02	 0.000E+00	 1.384E+02	 1.869E+03	 2.039E+02	-1.087E+02	 6.226E+02	 2.361E+03	 7.057E+03	-3.210E+01	 2.509E+03	 1.152E+03	 2.769E+03	 4.469E+02	 2.119E+02	-3.463E+03	 2.262E+03	 7.892E+02	-1.872E+03	 4.433E+02	 2.017E+02	-6.873E+03	-1.594E+04	 3.994E+04	-1.873E+03	 2.645E+03	 2.558E+01
  737.2000	 1.078E+01	 1.679E-01	 3.201E-01	 3.843E+00	-5.732E-01	 0.000E+00	 5.730E-02	 1.481E+02	 1.079E+01	 1.046E+03	 2.420E-01	 8.873E-02	 0.000E+00	 1.358E+02	 1.872E+03	 2.044E+02	-1.078E+02	 6.232E+02	 2.343E+03	 7.074E+03	-3.191E+01	 2.512E+03	 1.183E+03	 2.750E+03	 4.474E+02	 2.123E+02	-3.463E+03	 2.267E+03	 7.883E+02	-1.858E+03	 4.427E+02	 2.022E+02	-6.873E+03	-1.597E+04	 3.993E+04	-1.858E+03	 2.646E+03	 2.559E+01
  737.2063	 1.078E+01	 1.717E-01	 3.187E-01	 3.850E+00	-5.715E-01	 0.000E+00	 5.730E-02	 1.485E+02	 1.079E+01	 1.046E+03	 2.420E-01	 8.890E-02	 0.000E+00	 1.333E+02	 1.876E+03	 2.049E+02	-1.068E+02	 6.239E+02	 2.325E+03	 7.092E+03	-3.172E+01	 2.515E+03	 1.215E+03	 2.731E+03	 4.480E+02	 2.126E+02	-3.464E+03	 2.272E+03	 7.874E+02	-1.843E+03	 4.421E+02	 2.026E+02	-6.873E+03	-1.601E+04	 3.992E+04	-1.843E+03	 2.646E+03	 2.559E+01
  737.2125	 1.078E+01	 1.756E-01	 3.174E-01	 3.858E+00	-5.699E-01	 0.000E+00	 5.730E-02	 1.489E+02	 1.079E+01	 1.046E+03	 2.421E-01	 8.908E-02	 0.000E+00	 1.308E+02	 1.879E+03	 2.054E+02	-1.059E+02	 6.245E+02	 2.307E+03	 7.109E+03	-3.153E+01	 2.518E+03	 1.246E+03	 2.711E+03	 4.485E+02	 2.130E+02	-3.464E+03	 2.277E+03	 7.864E+02	-1.828E+03	 4.415E+02	 2.031E+02	-6.874E+03	-1.604E+04	 3.991E+04	-1.828E+03	 2.646E+03	 2.559E+01
  737.2188	 1.079E+01	 1.794E-01	 3.160E-01	 3.865E+00	-5.683E-01	 0.000E+00	 5.730E-02	 1.493E+02	 1.079E+01	 1.046E+03	 2.422E-01	 8.926E-02	 0.000E+00	 1.284E+02	 1.883E+03	 2.059E+02	-1.049E+02	 6.251E+02	 2.289E+03	 7.126E+03	-3.134E+01	 2.520E+03	 1.276E+03	 2.691E+03	 4.490E+02	 2.134E+02	-3.464E+03	 2.281E+03	 7.855E+02	-1.813E+03	 4.409E+02	 2.037E+02	-6.874E+03	-1.608E+04	 3.990E+04	-1.814E+03	 2.646E+03	 2.559E+01
  737.2250	 1.079E+01	 1.832E-01	 3.146E-01	 3.872E+00	-5.667E-01	 0.000E+00	 5.730E-02	 1.497E+02	 1.079E+01	 1.046E+03	 2.422E-01	 8.944E-02	 0.000E+00	 1.260E+02	 1.887E+03	 2.064E+02	-1.039E+02	 6.256E+02	 2.271E+03	 7.142E+03	-3.114E+01	 2.523E+03	 1.307E+03	 2.671E+03	 4.495E+02	 2.137E+02	-3.464E+03	 2.286E+03	 7.847E+02	-1.798E+03	 4.404E+02	 2.042E+02	-6.874E+03	-1.612E+04	 3.990E+04	-1.798E+03	 2.647E+03	 2.559E+01
  737.2313	 1.079E+01	 1.871E-01	 3.133E-01	 3.880E+00	-5.651E-01	 0.000E+00	 5.730E-02	 1.501E+02	 1.079E+01	 1.046E+03	 2.423E-01	 8.962E-02	 0.000E+00	 1.236E+02	 1.890E+03	 2.069E+02	-1.029E+02	 6.262E+02	 2.253E+03	 7.159E+03	-3.095E+01	 2.525E+03	 1.337E+03	 2.650E+03	 4.499E+02	 2.140E+02	-3.464E+03	 2.290E+03	 7.837E+02	-1.783E+03	 4.400E+02	 2.048E+02	-6.874E+03	-1.615E+04	 3.989E+04	-1.784E+03	 2.647E+03	 2.559E+01
  737.2375	 1.079E+01	 1.909E-01	 3.119E-01	 3.887E+00	-5.636E-01	 0.000E+00	 5.730E-02	 1.505E+02	 1.079E+01	 1.046E+03	 2.424E-01	 8.981E-02	 0.000E+00	 1.213E+02	 1.894E+03	 2.074E+02	-1.019E+02	 6.268E+02	 2.235E+03	 7.175E+03	-3.076E+01	 2.528E+03	 1.367E+03	 2.629E+03	 4.504E+02	 2.143E+02	-3.465E+03	 2.295E+03	 7.828E+02	-1.768E+03	 4.397E+02	 2.054E+02	-6.874E+03	-1.619E+04	 3.989E+04	-1.769E+03	 2.647E+03	 2.559E+01
  737.2438	 1.079E+01	 1.947E-01	 3.106E-01	 3.895E+00	-5.620E-01	 0.000E+00	 5.730E-02	 1.509E+02	 1.079E+01	 1.046E+03	 2.424E-01	 8.999E-02	 0.000E+00	 1.190E+02	 1.897E+03	 2.078E+02	-1.010E+02	 6.274E+02	 2.217E+03	 7.190E+03	-3.055E+01	 2.530E+03	 1.396E+03	 2.607E+03	 4.508E+02	 2.146E+02	-3.465E+03	 2.299E+03	 7.818E+02	-1.753E+03	 4.394E+02	 2.060E+02	-6.875E+03	-1.623E+04	 3.989E+04	-1.754E+03	 2.648E+03	 2.560E+01
  737.2500	 1.080E+01	 1.986E-01	 3.092E-01	 3.902E+00	-5.605E-01	 0.000E+00	 5.730E-02	 1.513E+02	 1.079E+01	 1.046E+03	 2.425E-01	 9.017E-02	 0.000E+00	 1.168E+02	 1.901E+03	 2.082E+02	-9.995E+01	 6.279E+02	 2.199E+03	 7.206E+03	-3.035E+01	 2.532E+03	 1.425E+03	 2.586E+03	 4.511E+02	 2.149E+02	-3.465E+03	 2.303E+03	 7.807E+02	-1.738E+03	 4.393E+02	 2.067E+02	-6.875E+03	-1.627E+04	 3.990E+04	-1.739E+03	 2.648E+03	 2.560E+01
  737.2563	 1.080E+01	 1.959E-01	 3.108E-01	 3.910E+00	-5.590E-01	 0.000E+00	 5.730E-02	 1.517E+02	 1.079E+01	 1.046E+03	 2.426E-01	 9.036E-02	 0.000E+00	 1.146E+02	 1.905E+03	 2.087E+02	-9.895E+01	 6.285E+02	 2.181E+03	 7.221E+03	-3.014E+01	 2.534E+03	 1.454E+03	 2.564E+03	 4.515E+02	 2.152E+02	-3.465E+03	 2.308E+03	 7.794E+02	-1.724E+03	 4.392E+02	 2.073E+02	-6.875E+03	-1.631E+04	 3.991E+04	-1.724E+03	 2.648E+03	 2.560E+01
  737.2625	 1.079E+01	 1.933E-01	 3.124E-01	 3.918E+00	-5.575E-01	 0.000E+00	 5.730E-02	 1.521E+02	 1.079E+01	 1.047E+03	 2.427E-01	 9.054E-02	 0.000E+00	 1.124E+02	 1.909E+03	 2.091E+02	-9.794E+01	 6.290E+02	 2.163E+03	 7.235E+03	-2.992E+01	 2.536E+03	 1.482E+03	 2.541E+03	 4.517E+02	 2.154E+02	-3.465E+03	 2.312E+03	 7.784E+02	-1.709E+03	 4.392E+02	 2.080E+02	-6.875E+03	-1.635E+04	 3.992E+04	-1.709E+03	 2.648E+03	 2.560E+01
  737.2688	 1.079E+01	 1.907E-01	 3.140E-01	 3.926E+00	-5.560E-01	 0.000E+00	 5.730E-02	 1.525E+02	 1.079E+01	 1.047E+03	 2.428E-01	 9.073E-02	 0.000E+00	 1.102E+02	 1.912E+03	 2.094E+02	-9.692E+01	 6.296E+02	 2.145E+03	 7.249E+03	-2.970E+01	 2.538E+03	 1.510E+03	 2.518E+03	 4.520E+02	 2.157E+02	-3.465E+03	 2.316E+03	 7.774E+02	-1.694E+03	 4.393E+02	 2.087E+02	-6.875E+03	-1.639E+04	 3.993E+04	-1.694E+03	 2.649E+03	 2.560E+01
  737.2750	 1.079E+01	 1.881E-01	 3.156E-01	 3.933E+00	-5.545E-01	 0.000E+00	 5.730E-02	 1.529E+02	 1.079E+01	 1.047E+03	 2.429E-01	 9.092E-02	 0.000E+00	 1.081E+02	 1.916E+03	 2.098E+02	-9.591E+01	 6.301E+02	 2.127E+03	 7.263E+03	-2.946E+01	 2.540E+03	 1.537E+03	 2.494E+03	 4.522E+02	 2.160E+02	-3.465E+03	 2.319E+03	 7.761E+02	-1.679E+03	 4.395E+02	 2.094E+02	-6.875E+03	-1.643E+04	 3.995E+04	-1.679E+03	 2.649E+03	 2.560E+01
  737.2812	 1.079E+01	 1.854E-01	 3.172E-01	 3.941E+00	-5.530E-01	 0.000E+00	 5.730E-02	 1.533E+02	 1.079E+01	 1.047E+03	 2.430E-01	 9.111E-02	 0.000E+00	 1.060E+02	 1.920E+03	 2.102E+02	-9.488E+01	 6.307E+02	 2.108E+03	 7.276E+03	-2.924E+01	 2.542E+03	 1.565E+03	 2.471E+03	 4.523E+02	 2.162E+02	-3.465E+03	 2.323E+03	 7.749E+02	-1.664E+03	 4.398E+02	 2.100E+02	-6.875E+03	-1.647E+04	 3.997E+04	-1.664E+03	 2.649E+03	 2.560E+01
  737.2875	 1.079E+01	 1.828E-01	 3.189E-01	 3.949E+00	-5.516E-01	 0.000E+00	 5.730E-02	 1.537E+02	 1.079E+01	 1.047E+03	 2.431E-01	 9.130E-02	 0.000E+00	 1.038E+02	 1.924E+03	 2.105E+02	-9.386E+01	 6.312E+02	 2.090E+03	 7.289E+03	-2.902E+01	 2.544E+03	 1.592E+03	 2.447E+03	 4.525E+02	 2.165E+02	-3.465E+03	 2.327E+03	 7.735E+02	-1.649E+03	 4.402E+02	 2.107E+02	-6.875E+03	-1.651E+04	 4.000E+04	-1.649E+03	 2.650E+03	 2.561E+01
  737.2938	 1.079E+01	 1.802E-01	 3.205E-01	 3.957E+00	-5.501E-01	 0.000E+00	 5.730E-02	 1.541E+02	 1.080E+01	 1.047E+03	 2.432E-01	 9.149E-02	 0.000E+00	 1.017E+02	 1.927E+03	 2.108E+02	-9.283E+01	 6.317E+02	 2.072E+03	 7.301E+03	-2.879E+01	 2.546E+03	 1.619E+03	 2.422E+03	 4.525E+02	 2.168E+02	-3.466E+03	 2.331E+03	 7.718E+02	-1.633E+03	 4.407E+02	 2.114E+02	-6.875E+03	-1.655E+04	 4.002E+04	-1.634E+03	 2.650E+03	 2.561E+01
  737.3000	 1.079E+01	 1.775E-01	 3.221E-01	 3.965E+00	-5.486E-01	 0.000E+00	 5.730E-02	 1.545E+02	 1.080E+01	 1.047E+03	 2.433E-01	 9.168E-02	 0.000E+00	 9.953E+01	 1.931E+03	 2.111E+02	-9.180E+01	 6.322E+02	 2.053E+03	 7.313E+03	-2.861E+01	 2.548E+03	 1.646E+03	 2.396E+03	 4.526E+02	 2.170E+02	-3.466E+03	 2.335E+03	 7.706E+02	-1.616E+03	 4.413E+02	 2.121E+02	-6.875E+03	-1.659E+04	 4.005E+04	-1.617E+03	 2.650E+03	 2.561E+01
  737.3063	 1.079E+01	 1.749E-01	 3.237E-01	 3.973E+00	-5.471E-01	 0.000E+00	 5.730E-02	 1.549E+02	 1.080E+01	 1.047E+03	 2.435E-01	 9.187E-02	 0.000E+00	 9.736E+01	 1.935E+03	 2.114E+02	-9.077E+01	 6.327E+02	 2.035E+03	 7.325E+03	-2.840E+01	 2.550E+03	 1.672E+03	 2.371E+03	 4.526E+02	 2.173E+02	-3.466E+03	 2.339E+03	 7.689E+02	-1.601E+03	 4.420E+02	 2.127E+02	-6.875E+03	-1.663E+04	 4.009E+04	-1.601E+03	 2.651E+03	 2.561E+01
  737.3125	 1.079E+01	 1.723E-01	 3.253E-01	 3.981E+00	-5.456E-01	 0.000E+00	 5.730E-02	 1.553E+02	 1.080E+01	 1.047E+03	 2.436E-01	 9.207E-02	 0.000E+00	 9.516E+01	 1.939E+03	 2.116E+02	-8.973E+01	 6.332E+02	 2.016E+03	 7.336E+03	-2.819E+01	 2.551E+03	 1.698E+03	 2.344E+03	 4.525E+02	 2.176E+02	-3.466E+03	 2.342E+03	 7.674E+02	-1.585E+03	 4.427E+02	 2.133E+02	-6.875E+03	-1.667E+04	 4.012E+04	-1.585E+03	 2.651E+03	 2.561E+01
  737.3188	 1.079E+01	 1.697E-01	 3.269E-01	 3.990E+00	-5.440E-01	 0.000E+00	 5.730E-02	 1.558E+02	 1.080E+01	 1.047E+03	 2.437E-01	 9.226E-02	 0.000E+00	 9.294E+01	 1.943E+03	 2.119E+02	-8.870E+01	 6.337E+02	 1.998E+03	 7.347E+03	-2.799E+01	 2.553E+03	 1.724E+03	 2.318E+03	 4.525E+02	 2.179E+02	-3.466E+03	 2.346E+03	 7.655E+02	-1.568E+03	 4.435E+02	 2.139E+02	-6.875E+03	-1.671E+04	 4.016E+04	-1.569E+03	 2.652E+03	 2.561E+01
  737.3250	 1.078E+01	 1.670E-01	 3.285E-01	 3.998E+00	-5.425E-01	 0.000E+00	 5.730E-02	 1.562E+02	 1.080E+01	 1.047E+03	 2.439E-01	 9.246E-02	 0.000E+00	 9.067E+01	 1.947E+03	 2.121E+02	-8.766E+01	 6.342E+02	 1.979E+03	 7.357E+03	-2.778E+01	 2.555E+03	 1.750E+03	 2.291E+03	 4.524E+02	 2.182E+02	-3.466E+03	 2.350E+03	 7.635E+02	-1.552E+03	 4.444E+02	 2.145E+02	-6.875E+03	-1.675E+04	 4.020E+04	-1.553E+03	 2.652E+03	 2.562E+01
  737.3313	 1.078E+01	 1.644E-01	 3.301E-01	 4.006E+00	-5.409E-01	 0.000E+00	 5.730E-02	 1.566E+02	 1.080E+01	 1.047E+03	 2.440E-01	 9.265E-02	 0.000E+00	 8.836E+01	 1.951E+03	 2.124E+02	-8.663E+01	 6.346E+02	 1.960E+03	 7.368E+03	-2.758E+01	 2.556E+03	 1.776E+03	 2.265E+03	 4.523E+02	 2.185E+02	-3.466E+03	 2.354E+03	 7.611E+02	-1.536E+03	 4.454E+02	 2.151E+02	-6.875E+03	-1.679E+04	 4.025E+04	-1.536E+03	 2.652E+03	 2.562E+01
  737.3375	 1.078E+01	 1.618E-01	 3.318E-01	 4.014E+00	-5.394E-01	 0.000E+00	 5.730E-02	 1.570E+02	 1.080E+01	 1.047E+03	 2.441E-01	 9.285E-02	 0.000E+00	 8.600E+01	 1.955E+03	 2.126E+02	-8.560E+01	 6.351E+02	 1.942E+03	 7.378E+03	-2.739E+01	 2.558E+03	 1.802E+03	 2.238E+03	 4.522E+02	 2.189E+02	-3.466E+03	 2.358E+03	 7.584E+02	-1.520E+03	 4.464E+02	 2.156E+02	-6.875E+03	-1.682E+04	 4.029E+04	-1.521E+03	 2.653E+03	 2.562E+01
  737.3438	 1.078E+01	 1.591E-01	 3.334E-01	 4.022E+00	-5.378E-01	 0.000E+00	 5.730E-02	 1.574E+02	 1.080E+01	 1.047E+03	 2.443E-01	 9.304E-02	 0.000E+00	 8.359E+01	 1.959E+03	 2.128E+02	-8.456E+01	 6.356E+02	 1.923E+03	 7.388E+03	-2.718E+01	 2.560E+03	 1.827E+03	 2.212E+03	 4.521E+02	 2.193E+02	-3.466E+03	 2.362E+03	 7.555E+02	-1.504E+03	 4.474E+02	 2.161E+02	-6.875E+03	-1.686E+04	 4.034E+04	-1.505E+03	 2.653E+03	 2.562E+01
  737.3500	 1.078E+01	 1.565E-01	 3.350E-01	 4.030E+00	-5.361E-01	 0.000E+00	 5.730E-02	 1.578E+02	 1.080E+01	 1.048E+03	 2.444E-01	 9.324E-02	 0.000E+00	 8.112E+01	 1.963E+03	 2.131E+02	-8.353E+01	 6.360E+02	 1.904E+03	 7.398E+03	-2.696E+01	 2.561E+03	 1.853E+03	 2.185E+03	 4.520E+02	 2.196E+02	-3.466E+03	 2.366E+03	 7.524E+02	-1.489E+03	 4.484E+02	 2.166E+02	-6.875E+03	-1.690E+04	 4.038E+04	-1.489E+03	 2.654E+03	 2.562E+01
  737.3563	 1.078E+01	 1.539E-01	 3.366E-01	 4.038E+00	-5.344E-01	 0.000E+00	 5.730E-02	 1.582E+02	 1.080E+01	 1.048E+03	 2.446E-01	 9.344E-02	 0.000E+00	 7.859E+01	 1.967E+03	 2.133E+02	-8.250E+01	 6.364E+02	 1.885E+03	 7.408E+03	-2.673E+01	 2.563E+03	 1.878E+03	 2.159E+03	 4.519E+02	 2.200E+02	-3.465E+03	 2.370E+03	 7.488E+02	-1.474E+03	 4.495E+02	 2.171E+02	-6.875E+03	-1.693E+04	 4.043E+04	-1.474E+03	 2.654E+03	 2.563E+01
  737.3625	 1.078E+01	 1.513E-01	 3.382E-01	 4.046E+00	-5.327E-01	 0.000E+00	 5.730E-02	 1.586E+02	 1.080E+01	 1.048E+03	 2.448E-01	 9.364E-02	 0.000E+00	 7.599E+01	 1.970E+03	 2.135E+02	-8.147E+01	 6.369E+02	 1.866E+03	 7.418E+03	-2.650E+01	 2.564E+03	 1.904E+03	 2.134E+03	 4.518E+02	 2.205E+02	-3.465E+03	 2.374E+03	 7.450E+02	-1.460E+03	 4.506E+02	 2.175E+02	-6.875E+03	-1.697E+04	 4.048E+04	-1.460E+03	 2.654E+03	 2.563E+01
  737.3688	 1.078E+01	 1.486E-01	 3.398E-01	 4.054E+00	-5.310E-01	 0.000E+00	 5.730E-02	 1.590E+02	 1.080E+01	 1.048E+03	 2.449E-01	 9.383E-02	 0.000E+00	 7.333E+01	 1.974E+03	 2.137E+02	-8.044E+01	 6.373E+02	 1.847E+03	 7.427E+03	-2.625E+01	 2.565E+03	 1.929E+03	 2.109E+03	 4.517E+02	 2.209E+02	-3.465E+03	 2.378E+03	 7.408E+02	-1.446E+03	 4.517E+02	 2.179E+02	-6.875E+03	-1.700E+04	 4.053E+04	-1.447E+03	 2.655E+03	 2.563E+01
  737.3750	 1.078E+01	 1.460E-01	 3.414E-01	 4.062E+00	-5.292E-01	 0.000E+00	 5.730E-02	 1.594E+02	 1.081E+01	 1.048E+03	 2.451E-01	 9.403E-02	 0.000E+00	 7.060E+01	 1.978E+03	 2.140E+02	-7.941E+01	 6.377E+02	 1.828E+03	 7.437E+03	-2.600E+01	 2.567E+03	 1.954E+03	 2.084E+03	 4.517E+02	 2.213E+02	-3.465E+03	 2.382E+03	 7.364E+02	-1.433E+03	 4.528E+02	 2.183E+02	-6.875E+03	-1.704E+04	 4.058E+04	-1.433E+03	 2.655E+03	 2.563E+01
  737.3813	 1.077E+01	 1.434E-01	 3.430E-01	 4.069E+00	-5.274E-01	 0.000E+00	 5.730E-02	 1.598E+02	 1.081E+01	 1.048E+03	 2.453E-01	 9.423E-02	 0.000E+00	 6.780E+01	 1.981E+03	 2.142E+02	-7.838E+01	 6.381E+02	 1.808E+03	 7.447E+03	-2.574E+01	 2.568E+03	 1.979E+03	 2.060E+03	 4.517E+02	 2.218E+02	-3.465E+03	 2.386E+03	 7.316E+02	-1.420E+03	 4.538E+02	 2.187E+02	-6.875E+03	-1.707E+04	 4.063E+04	-1.421E+03	 2.656E+03	 2.563E+01
  737.3875	 1.077E+01	 1.407E-01	 3.447E-01	 4.077E+00	-5.256E-01	 0.000E+00	 5.730E-02	 1.602E+02	 1.081E+01	 1.048E+03	 2.454E-01	 9.443E-02	 0.000E+00	 6.493E+01	 1.985E+03	 2.144E+02	-7.736E+01	 6.385E+02	 1.789E+03	 7.458E+03	-2.547E+01	 2.569E+03	 2.003E+03	 2.036E+03	 4.517E+02	 2.223E+02	-3.465E+03	 2.390E+03	 7.266E+02	-1.408E+03	 4.549E+02	 2.191E+02	-6.875E+03	-1.710E+04	 4.068E+04	-1.409E+03	 2.656E+03	 2.564E+01
  737.3938	 1.077E+01	 1.381E-01	 3.463E-01	 4.084E+00	-5.237E-01	 0.000E+00	 5.730E-02	 1.606E+02	 1.081E+01	 1.048E+03	 2.456E-01	 9.463E-02	 0.000E+00	 6.200E+01	 1.988E+03	 2.147E+02	-7.633E+01	 6.388E+02	 1.769E+03	 7.468E+03	-2.518E+01	 2.570E+03	 2.028E+03	 2.012E+03	 4.517E+02	 2.227E+02	-3.465E+03	 2.394E+03	 7.214E+02	-1.396E+03	 4.559E+02	 2.194E+02	-6.875E+03	-1.714E+04	 4.073E+04	-1.397E+03	 2.657E+03	 2.564E+01
  737.4000	 1.077E+01	 1.355E-01	 3.479E-01	 4.092E+00	-5.217E-01	 0.000E+00	 5.730E-02	 1.610E+02	 1.081E+01	 1.048E+03	 2.458E-01	 9.483E-02	 0.000E+00	 5.900E+01	 1.992E+03	 2.150E+02	-7.530E+01	 6.392E+02	 1.749E+03	 7.479E+03	-2.487E+01	 2.571E+03	 2.053E+03	 1.989E+03	 4.518E+02	 2.232E+02	-3.465E+03	 2.398E+03	 7.158E+02	-1.385E+03	 4.569E+02	 2.197E+02	-6.875E+03	-1.717E+04	 4.078E+04	-1.386E+03	 2.657E+03	 2.564E+01
  737.4062	 1.077E+01	 1.329E-01	 3.495E-01	 4.099E+00	-5.198E-01	 0.000E+00	 5.730E-02	 1.614E+02	 1.081E+01	 1.048E+03	 2.460E-01	 9.503E-02	 0.000E+00	 5.593E+01	 1.995E+03	 2.152E+02	-7.426E+01	 6.396E+02	 1.730E+03	 7.489E+03	-2.456E+01	 2.571E+03	 2.078E+03	 1.966E+03	 4.519E+02	 2.237E+02	-3.465E+03	 2.401E+03	 7.100E+02	-1.375E+03	 4.578E+02	 2.200E+02	-6.875E+03	-1.720E+04	 4.083E+04	-1.375E+03	 2.658E+03	 2.564E+01
  737.4125	 1.077E+01	 1.302E-01	 3.511E-01	 4.106E+00	-5.177E-01	 0.000E+00	 5.730E-02	 1.618E+02	 1.081E+01	 1.048E+03	 2.462E-01	 9.523E-02	 0.000E+00	 5.281E+01	 1.998E+03	 2.155E+02	-7.323E+01	 6.399E+02	 1.710E+03	 7.501E+03	-2.424E+01	 2.572E+03	 2.103E+03	 1.943E+03	 4.521E+02	 2.242E+02	-3.465E+03	 2.405E+03	 7.035E+02	-1.364E+03	 4.587E+02	 2.203E+02	-6.875E+03	-1.723E+04	 4.087E+04	-1.365E+03	 2.658E+03	 2.564E+01
  737.4188	 1.077E+01	 1.276E-01	 3.527E-01	 4.113E+00	-5.157E-01	 0.000E+00	 5.730E-02	 1.622E+02	 1.081E+01	 1.049E+03	 2.464E-01	 9.543E-02	 0.000E+00	 4.963E+01	 2.001E+03	 2.158E+02	-7.219E+01	 6.402E+02	 1.689E+03	 7.512E+03	-2.389E+01	 2.572E+03	 2.127E+03	 1.921E+03	 4.524E+02	 2.247E+02	-3.465E+03	 2.409E+03	 6.972E+02	-1.355E+03	 4.595E+02	 2.206E+02	-6.875E+03	-1.726E+04	 4.092E+04	-1.355E+03	 2.659E+03	 2.565E+01
  737.4250	 1.077E+01	 1.250E-01	 3.543E-01	 4.120E+00	-5.136E-01	 0.000E+00	 5.730E-02	 1.626E+02	 1.081E+01	 1.049E+03	 2.466E-01	 9.563E-02	 0.000E+00	 4.638E+01	 2.005E+03	 2.161E+02	-7.114E+01	 6.406E+02	 1.669E+03	 7.523E+03	-2.352E+01	 2.572E+03	 2.152E+03	 1.899E+03	 4.526E+02	 2.252E+02	-3.465E+03	 2.412E+03	 6.905E+02	-1.345E+03	 4.603E+02	 2.209E+02	-6.875E+03	-1.729E+04	 4.097E+04	-1.346E+03	 2.659E+03	 2.565E+01
  737.4313	 1.077E+01	 1.223E-01	 3.559E-01	 4.127E+00	-5.114E-01	 0.000E+00	 5.730E-02	 1.630E+02	 1.081E+01	 1.049E+03	 2.467E-01	 9.583E-02	 0.000E+00	 4.309E+01	 2.008E+03	 2.164E+02	-7.010E+01	 6.409E+02	 1.649E+03	 7.535E+03	-2.316E+01	 2.572E+03	 2.177E+03	 1.877E+03	 4.529E+02	 2.257E+02	-3.465E+03	 2.416E+03	 6.835E+02	-1.336E+03	 4.610E+02	 2.212E+02	-6.874E+03	-1.733E+04	 4.101E+04	-1.337E+03	 2.659E+03	 2.565E+01
