    5.7938	 9.845E+00	-1.150E-01	 8.629E-03	 4.191E+00	-4.034E-01	 0.000E+00	 5.730E-02	 1.611E+02	 9.826E+00	 9.550E+02	 1.974E-01	-4.879E-02	 0.000E+00	-1.419E+02	 2.031E+03	 2.140E+02	-5.719E+01	 5.432E+02	 1.030E+03	 7.666E+03	 2.757E+01	 2.014E+03	 2.256E+03	 2.925E+02	 4.048E+02	-6.015E+01	-3.514E+03	 1.997E+03	-6.840E+02	 4.779E+02	 3.695E+02	-3.697E+01	-6.922E+03	 5.907E+03	 3.286E+04	 4.794E+02	 1.950E+03	 2.066E+01
    5.8000	 9.845E+00	-1.150E-01	 7.996E-03	 4.187E+00	-3.922E-01	 0.000E+00	 5.730E-02	 1.615E+02	 9.827E+00	 9.550E+02	 1.963E-01	-4.846E-02	 0.000E+00	-1.575E+02	 2.029E+03	 2.140E+02	-5.504E+01	 5.441E+02	 9.642E+02	 7.666E+03	 2.893E+01	 2.004E+03	 2.266E+03	 2.704E+02	 4.033E+02	-5.983E+01	-3.516E+03	 1.986E+03	-6.982E+02	 4.928E+02	 3.675E+02	-3.674E+01	-6.925E+03	 5.867E+03	 3.268E+04	 4.943E+02	 1.951E+03	 2.067E+01
    5.8063	 9.844E+00	-1.150E-01	 7.364E-03	 4.184E+00	-3.813E-01	 0.000E+00	 5.730E-02	 1.618E+02	 9.829E+00	 9.550E+02	 1.953E-01	-4.815E-02	 0.000E+00	-1.725E+02	 2.027E+03	 2.140E+02	-5.294E+01	 5.449E+02	 8.998E+02	 7.665E+03	 3.025E+01	 1.995E+03	 2.275E+03	 2.483E+02	 4.018E+02	-5.948E+01	-3.518E+03	 1.977E+03	-7.118E+02	 5.070E+02	 3.656E+02	-3.654E+01	-6.927E+03	 5.829E+03	 3.251E+04	 5.084E+02	 1.952E+03	 2.068E+01
    5.8125	 9.843E+00	-1.150E-01	 6.732E-03	 4.181E+00	-3.708E-01	 0.000E+00	 5.730E-02	 1.622E+02	 9.830E+00	 9.550E+02	 1.942E-01	-4.784E-02	 0.000E+00	-1.869E+02	 2.024E+03	 2.139E+02	-5.087E+01	 5.458E+02	 8.373E+02	 7.664E+03	 3.151E+01	 1.987E+03	 2.284E+03	 2.260E+02	 4.003E+02	-5.910E+01	-3.520E+03	 1.968E+03	-7.250E+02	 5.203E+02	 3.639E+02	-3.636E+01	-6.929E+03	 5.792E+03	 3.234E+04	 5.218E+02	 1.953E+03	 2.069E+01
    5.8188	 9.842E+00	-1.150E-01	 6.099E-03	 4.178E+00	-3.607E-01	 0.000E+00	 5.730E-02	 1.626E+02	 9.831E+00	 9.549E+02	 1.932E-01	-4.754E-02	 0.000E+00	-2.007E+02	 2.022E+03	 2.139E+02	-4.884E+01	 5.467E+02	 7.767E+02	 7.663E+03	 3.271E+01	 1.980E+03	 2.291E+03	 2.036E+02	 3.987E+02	-5.870E+01	-3.523E+03	 1.960E+03	-7.376E+02	 5.330E+02	 3.622E+02	-3.619E+01	-6.931E+03	 5.756E+03	 3.218E+04	 5.344E+02	 1.954E+03	 2.070E+01
    5.8250	 9.841E+00	-1.150E-01	 5.467E-03	 4.175E+00	-3.510E-01	 0.000E+00	 5.730E-02	 1.630E+02	 9.833E+00	 9.549E+02	 1.922E-01	-4.725E-02	 0.000E+00	-2.139E+02	 2.020E+03	 2.138E+02	-4.686E+01	 5.476E+02	 7.182E+02	 7.661E+03	 3.385E+01	 1.974E+03	 2.298E+03	 1.811E+02	 3.971E+02	-5.828E+01	-3.525E+03	 1.952E+03	-7.497E+02	 5.448E+02	 3.606E+02	-3.604E+01	-6.934E+03	 5.722E+03	 3.203E+04	 5.462E+02	 1.954E+03	 2.070E+01
    5.8313	 9.841E+00	-1.150E-01	 4.835E-03	 4.171E+00	-3.416E-01	 0.000E+00	 5.730E-02	 1.633E+02	 9.834E+00	 9.549E+02	 1.912E-01	-4.697E-02	 0.000E+00	-2.265E+02	 2.018E+03	 2.137E+02	-4.493E+01	 5.485E+02	 6.618E+02	 7.659E+03	 3.493E+01	 1.969E+03	 2.303E+03	 1.583E+02	 3.955E+02	-5.783E+01	-3.527E+03	 1.946E+03	-7.611E+02	 5.561E+02	 3.591E+02	-3.590E+01	-6.936E+03	 5.689E+03	 3.187E+04	 5.574E+02	 1.955E+03	 2.071E+01
    5.8375	 9.840E+00	-1.150E-01	 4.202E-03	 4.168E+00	-3.327E-01	 0.000E+00	 5.730E-02	 1.637E+02	 9.835E+00	 9.548E+02	 1.903E-01	-4.670E-02	 0.000E+00	-2.384E+02	 2.016E+03	 2.136E+02	-4.304E+01	 5.494E+02	 6.077E+02	 7.656E+03	 3.594E+01	 1.965E+03	 2.308E+03	 1.357E+02	 3.939E+02	-5.736E+01	-3.529E+03	 1.941E+03	-7.719E+02	 5.663E+02	 3.577E+02	-3.577E+01	-6.937E+03	 5.656E+03	 3.173E+04	 5.677E+02	 1.956E+03	 2.072E+01
    5.8438	 9.839E+00	-1.150E-01	 3.570E-03	 4.165E+00	-3.242E-01	 0.000E+00	 5.730E-02	 1.641E+02	 9.837E+00	 9.548E+02	 1.893E-01	-4.644E-02	 0.000E+00	-2.496E+02	 2.014E+03	 2.135E+02	-4.120E+01	 5.503E+02	 5.557E+02	 7.653E+03	 3.689E+01	 1.962E+03	 2.312E+03	 1.131E+02	 3.922E+02	-5.688E+01	-3.531E+03	 1.937E+03	-7.822E+02	 5.758E+02	 3.564E+02	-3.565E+01	-6.939E+03	 5.625E+03	 3.158E+04	 5.771E+02	 1.957E+03	 2.073E+01
    5.8500	 9.838E+00	-1.150E-01	 2.938E-03	 4.162E+00	-3.161E-01	 0.000E+00	 5.730E-02	 1.644E+02	 9.838E+00	 9.547E+02	 1.884E-01	-4.619E-02	 0.000E+00	-2.601E+02	 2.012E+03	 2.134E+02	-3.941E+01	 5.512E+02	 5.060E+02	 7.650E+03	 3.778E+01	 1.960E+03	 2.315E+03	 9.058E+01	 3.906E+02	-5.637E+01	-3.532E+03	 1.934E+03	-7.918E+02	 5.843E+02	 3.552E+02	-3.552E+01	-6.941E+03	 5.594E+03	 3.144E+04	 5.856E+02	 1.957E+03	 2.074E+01
